2.0 T2DG0200001 0.0 1.1902678809862768 0.8686772856093565 0.0550634441760181 0.7865965435591361
2.0 T2DG0200002 1.0 2.04817970778924 0.42740458674747006 2.1983776177916172 -1.3358050928090668
2.0 T2DG0200003 0.0 1.142650902867199 -0.4673453433699371 -0.5413894844516721 -0.16743047267713315
2.0 T2DG0200004 0.0 0.45941562040708034 1.7164238280369903 0.20748500165969583 1.12020443461009
2.0 T2DG0200005 0.0 -0.396679079295223 0.6201010767945097 0.269570788594905 0.9199626557348742
2.0 T2DG0200006 0.0 -0.6647125451916877 0.44829880010061796 0.648302052659705 -1.1851225142058355
2.0 T2DG0200007 1.0 0.9809678267585334 -0.3008404879472094 -1.3977926220850763 1.0571927960992216
2.0 T2DG0200008 0.0 -0.07548306639775595 2.0330234734714985 0.5292201237248102 -1.3485717037192897
2.0 T2DG0200009 0.0 0.27381537121215616 1.0208941274498875 -1.9156556505804914 -2.250811175895764
2.0 T2DG0200012 1.0 -0.19422906710572047 0.29299069739290395 0.4448200092043389 -1.0627418951932064
2.0 T2DG0200013 0.0 -0.33936602980781916 0.44089546790120593 1.038572927758759 -0.6991094261874828
2.0 T2DG0200018 1.0 -0.84387792144707 0.6392567903311394 -1.557101367532766 1.507210800775046
2.0 T2DG0200023 0.0 -0.8889357468973064 1.944527566777169 -0.3460842328070314 0.9037903974960914
2.0 T2DG0200027 1.0 0.3272149538714721 0.6946916100619787 -0.9878284211919043 -2.282903285371383
2.0 T2DG0200031 1.0 0.5924032426727195 0.8193692638480105 0.9089380022124656 1.6656290874949722
2.0 T2DG0200032 0.0 0.3680020230645901 -0.6604339029309585 -1.322820608496521 0.39394403404569484
2.0 T2DG0200033 1.0 -0.28113324410584123 -0.8907491037294962 0.6226879461408124 0.2338341124943444
2.0 T2DG0200034 0.0 -0.7348855900650615 1.1983158984981672 1.248217432685393 -0.3553274651024433
2.0 T2DG0200035 0.0 -0.7174100165743348 0.12731624793935098 -0.30196947490042486 0.21335169157435835
2.0 T2DG0200036 0.0 -0.775069863870378 1.6572702547139708 0.34216948681905274 0.0716591891627546
2.0 T2DG0200039 0.0 -0.9795392068942285 -0.7060908883341059 -1.6455097054698673 -0.09826915894543116
2.0 T2DG0200040 1.0 0.26040229778962753 -1.1774082893773257 0.025919500665523326 0.34545289526494927
2.0 T2DG0200041 1.0 -0.46848914917290574 0.3644436795660244 -0.5551201261635025 -0.6126986279103843
2.0 T2DG0200042 0.0 -0.8808972481620518 -1.771442781535393 -0.659016495714217 0.6380753533661431
2.0 T2DG0200043 1.0 0.2777255506414151 1.079012715110184 -0.8078327442556532 1.2817739799947707
2.0 T2DG0200045 1.0 1.5239161501048377 -0.15170237021958652 0.2478169903092707 -0.23647773812682837
2.0 T2DG0200046 1.0 -1.7777276640658903 -1.2790512458906642 1.7811356809353769 0.32932925856318707
2.0 T2DG0200047 0.0 -2.9330595087256466 1.08291889788585 -0.8907099777103914 -0.02394821554224418
2.0 T2DG0200048 1.0 0.7822577631437713 -0.24688401426964762 0.13308107727876306 -1.3800013881958317
2.0 T2DG0200049 0.0 2.313579637440314 -0.375485512018561 0.405395753455201 -2.1045645527530876
2.0 T2DG0200050 1.0 -0.8710572212700244 1.9045582447493816 -0.20863222855234173 -0.6819185936155324
2.0 T2DG0200051 0.0 0.34572745824234624 0.834640332724701 0.4783681088424249 0.4953087073758207
2.0 T2DG0200052 0.0 -0.15585327998230183 -1.3555896745953595 -0.019975855269506508 -0.1717373349978258
2.0 T2DG0200053 0.0 2.3330126996935063 0.3401521541778014 0.11737879400005781 0.1764354265299835
2.0 T2DG0200054 0.0 -0.9983526825479937 -1.4148686057350799 1.1914135714632696 -0.0641604501831916
2.0 T2DG0200055 0.0 0.06695561532253747 0.7996146675583068 -0.9297668477338069 0.16625543911866958
2.0 T2DG0200056 0.0 -1.7441979909158336 -2.0914869086460928 -0.08161282434831069 0.18218010416530825
2.0 T2DG0200057 1.0 -0.8805237989758246 1.2915416306754839 0.39245981705506705 0.6457319759135657
2.0 T2DG0200058 1.0 -0.2537643156788447 1.1569317052379195 1.1039542673021114 -0.2687919755106233
2.0 T2DG0200059 1.0 0.814026584678465 -1.3884368672834813 -1.6365412942677724 -0.811038595711724
2.0 T2DG0200060 0.0 -1.124843330893562 -1.1834678686292128 -2.8459736353700245 -0.6087357024807223
2.0 T2DG0200061 1.0 -0.3443959131231427 -0.29258098272495203 2.2294793848606402 -0.3202999498601154
2.0 T2DG0200062 1.0 -0.24249813391006392 1.1288703975888863 0.7505642607912733 0.42200574287367865
2.0 T2DG0200063 1.0 1.5319949136611484 0.8741956131947359 0.8223557035172325 -1.4285496146239047
2.0 T2DG0200064 1.0 0.41344317166303224 1.1198336119857286 0.6849081901348651 0.45719873639964537
2.0 T2DG0200065 1.0 -0.2276122793136926 -0.1564734362235732 -1.6019547642471998 -1.4458142192575743
2.0 T2DG0200066 1.0 -0.1858492475538548 -0.9376923168286909 0.12393631503530957 -0.13782622041397746
2.0 T2DG0200067 0.0 1.5318159396132232 -1.0574229395560086 1.7873056546957207 0.47200097482657666
2.0 T2DG0200068 0.0 -3.1432641838306847 0.3153821184196738 1.6205507566596034 -0.139281240025479
2.0 T2DG0200070 0.0 -1.44006265254071 0.6883996526113504 0.788437085491208 1.0260943032802412
2.0 T2DG0200071 1.0 0.21871260044341193 -0.36217091706701643 -0.693602942922034 0.2957253411978365
2.0 T2DG0200072 0.0 -0.20728456986237356 -0.7310299934592186 1.156440670953693 -0.3208030864772008
2.0 T2DG0200073 0.0 1.2926413997845343 -0.11266263423006205 -0.034159390060721155 0.12318185032836186
2.0 T2DG0200076 1.0 1.169667885811809 -1.1177502869502214 -0.4778232788586286 -1.2635291275277318
2.0 T2DG0200077 1.0 0.030760622004816357 0.5555690873583535 -1.506314326231212 1.6316156788661809
2.0 T2DG0200078 0.0 -1.1401647609599768 -0.17570883052431627 0.21016199331872135 -0.6766386047556059
2.0 T2DG0200080 1.0 0.4346708909346763 -0.78873576136885 0.4028438398219273 -0.3383593410966338
2.0 T2DG0200081 1.0 -0.3143576287418889 -0.5521338762680202 -0.7566223408964711 -1.654614091267489
2.0 T2DG0200083 1.0 -0.5488677437970477 0.37394913244099753 0.869461528052415 1.003536046750281
2.0 T2DG0200084 0.0 -0.6358608327768449 2.0893807174932446 -0.30827189935205357 -0.12961923682405466
2.0 T2DG0200085 1.0 0.6657522357081543 -1.4819546915546458 -1.0614078671043479 -1.4511528974010703
2.0 T2DG0200086 0.0 -0.9202723320418177 0.9910982945009624 1.5209667781964342 1.174885952307446
2.0 T2DG0200087 1.0 -0.14636329408644466 0.26430551292597254 0.27064920863221154 -0.6027003046594781
2.0 T2DG0200088 0.0 -0.1223834226810898 1.2081507871097457 0.8014734016385344 -0.814781810719875
2.0 T2DG0200089 1.0 0.8417069339097764 -0.38289642656869805 -0.5511309091379292 0.24591594824211846
2.0 T2DG0200093 0.0 -0.5028909990020114 1.5281800331210775 0.17937962990553782 1.0351534807535898
2.0 T2DG0200094 1.0 1.0253415507478345 -0.89139502632345 0.4844312232013313 0.4841331333734614
2.0 T2DG0200095 1.0 -1.0586387235479116 0.7783392365671693 1.1641195225966734 -0.9100753136028265
2.0 T2DG0200096 1.0 0.1784681518060473 0.6882026898865019 0.22487121156584167 -1.0084761635250876
2.0 T2DG0200098 1.0 2.7735950452720286 -1.5663573798268209 -0.608723734723699 -1.6772535920483347
2.0 T2DG0200099 1.0 -1.03343204404106 0.8248600418857586 0.1890126871188328 -0.2732015983292111
2.0 T2DG0200101 1.0 -0.30446068653808084 -0.48211679676085206 0.7184254625248797 -0.2147912870583238
2.0 T2DG0200102 1.0 0.8489719976190662 -1.3052538369563027 1.021609214062819 -1.9013870907916754
2.0 T2DG0200104 1.0 -2.9155060599386986 -0.9461172114184042 0.6866465541850786 0.517795185666931
3.0 T2DG0300107 1.0 -0.015278587910380564 0.36014606448139297 -0.8391716266809508 -0.8570240199433555
3.0 T2DG0300108 0.0 -0.6663891623119103 1.7600431377979309 0.005257157689465286 0.319097456984132
3.0 T2DG0300109 1.0 2.607940688002291 0.6408023791635512 -0.34591798329482115 0.06803396769824167
3.0 T2DG0300110 0.0 1.421408316413417 -0.05924539096689921 -0.09349196336813657 -1.67615002624366
3.0 T2DG0300115 0.0 0.31788141594415675 -0.7836308134730048 -0.6234941554830459 0.21216194641689626
3.0 T2DG0300121 1.0 1.2849289335849112 1.285860513786468 -0.9676405842210218 -0.6610381770847134
3.0 T2DG0300126 1.0 -1.3810658318984672 -0.4509259355085471 1.5177162844619663 0.3716707432661305
3.0 T2DG0300128 0.0 1.6926597728195971 -0.5461636098473159 0.8536955782675434 0.11984372857893412
3.0 T2DG0300133 1.0 0.40502413565838247 -0.29627504477676625 1.4546493405786767 -0.6761353384249204
3.0 T2DG0300135 0.0 -0.9368406702520177 -0.26078329209643825 1.3987554468036976 -0.6629832291056587
3.0 T2DG0300138 0.0 1.2816281942276413 0.6526646347177373 0.6855902679872612 0.5436301688122275
3.0 T2DG0300139 1.0 0.7271425422661754 -0.22948084918699643 -0.3388643426706712 -1.4872907934190815
3.0 T2DG0300140 0.0 -0.3967146272808418 0.13183811619959038 -0.46205740100693865 -0.6182499434076029
3.0 T2DG0300141 1.0 1.05541348144974 0.2636667661975013 -0.24052778639418437 1.8097090214329516
3.0 T2DG0300142 0.0 -0.7339610029444202 -0.7133085174626611 -2.2088342190842134 -0.6998422218658714
3.0 T2DG0300143 0.0 0.45939803668120377 1.4929604224547504 2.03289092091252 -1.205123552341585
3.0 T2DG0300144 1.0 1.7061863874321828 -0.6824563365822438 -0.025834970696314623 0.5109945024639241
3.0 T2DG0300146 1.0 0.6784427697934589 0.9773047113533596 -0.4383782965327192 -0.7979320943022626
3.0 T2DG0300147 1.0 0.28717953880710856 0.49462392776316805 0.5427324431593666 1.0180868152621503
3.0 T2DG0300148 1.0 1.0681555054109295 1.5224025997632107 -1.5227561389452153 0.8872112443625995
3.0 T2DG0300149 1.0 -0.3068768981211787 0.7526335990420965 0.026426245749934567 -1.2527956827573143
3.0 T2DG0300150 0.0 -1.9202140874350073 -0.7926250812913452 0.9621163793362736 1.2089564721600397
3.0 T2DG0300151 0.0 1.6696020873668111 0.8333876751238651 -0.15294987487878087 0.1979446108397352
3.0 T2DG0300152 0.0 -0.2135576214062456 1.560273019093175 0.6801985907654944 -0.6136133960384179
3.0 T2DG0300153 0.0 -0.16371133936712523 -1.421681558701967 0.7287073366370244 0.5571662800725321
3.0 T2DG0300155 1.0 -0.9029858060964956 -0.7354246339009091 -2.1678456510778723 0.9684138619012305
3.0 T2DG0300156 0.0 0.3762642112434747 0.4386793918374321 -0.24822333972846494 -0.8198915534010686
3.0 T2DG0300157 0.0 -0.4052717901213415 -1.6172842246042107 0.508117071792322 -1.1603708986158767
3.0 T2DG0300158 1.0 1.3358534818537375 1.1998065475984676 0.052308790173342126 1.4723653614634564
3.0 T2DG0300159 0.0 1.6007607092420073 1.4486471676073072 -0.16846756543171856 0.2149865770994189
3.0 T2DG0300160 0.0 -1.4578910204578128 -0.5752135748621934 -0.2472015512429993 -0.8569560194667311
3.0 T2DG0300161 1.0 0.8005890925757081 0.7405979483999774 -1.6670075638691262 -0.42898774156154434
3.0 T2DG0300162 0.0 0.8958784545241614 -1.8420872243092414 -1.248907455590975 0.25329530452335136
3.0 T2DG0300163 1.0 -0.6919335977533513 -0.675008907010868 -0.6236674777532392 -0.9481565707527358
3.0 T2DG0300164 0.0 -1.5087649275428612 0.11740181732088419 0.37204783823644194 -0.4115034099588271
3.0 T2DG0300165 1.0 -0.7545227899053345 -1.768844718835962 -0.6339687638416373 0.867476277407867
3.0 T2DG0300166 0.0 0.11562187195478167 -1.324775918312202 -0.7498595927146268 0.05157380292571608
3.0 T2DG0300167 1.0 0.24259508593797577 -0.4481888606362742 -2.0735233628035457 -3.026262197751884
3.0 T2DG0300169 1.0 -0.22321079656735474 0.6986742673061559 0.4962423841363436 0.2939005049968599
3.0 T2DG0300170 0.0 -0.440351963866306 -0.9423034593618086 0.5764003316674391 -0.9546843349958717
3.0 T2DG0300171 0.0 -1.771843921068421 -0.26252534363953056 -0.859119050418692 1.167068097226206
3.0 T2DG0300172 1.0 0.6516157430156982 0.09091829689707104 -0.004593404631799518 -1.2306106060632978
3.0 T2DG0300173 0.0 0.39769961376726093 0.1959614770302283 0.22699077122407355 -0.43497276115819344
3.0 T2DG0300174 0.0 0.21079891204460985 0.20822945540809545 0.5091598933755762 0.8956488299043986
3.0 T2DG0300175 0.0 1.0145902521426464 -1.0912101061091997 1.4429866117462877 -1.6179225137298683
3.0 T2DG0300176 1.0 0.3767044379595075 -0.27117277373027493 0.6510016917714528 -0.9117419357413035
3.0 T2DG0300177 1.0 -0.7659836756599786 0.246889517542092 1.0099714671066347 -0.05591056067266995
3.0 T2DG0300178 0.0 -0.1991911526502577 1.7506339182129125 -1.284651819667943 0.6927292695907022
3.0 T2DG0300179 0.0 1.4939602969193957 1.0295809371377374 -0.2874353971952094 0.15818451202649772
3.0 T2DG0300182 1.0 0.02239025816949794 0.2941184959217675 -0.600091979124815 -1.0423650127136388
3.0 T2DG0300183 1.0 0.024159027700367545 -0.649360139655477 -1.8067358687726776 -0.23174810971959792
3.0 T2DG0300184 1.0 1.1076477066723394 -0.2967269143773961 0.36858808372685986 -1.228862167701704
3.0 T2DG0300185 0.0 0.14918598567599098 1.1623196181086766 -1.7342748819142066 -1.3406119518056259
3.0 T2DG0300186 1.0 1.68950695547295 -0.741878592245241 -0.35813068115597213 -0.8127677332556739
3.0 T2DG0300187 0.0 -0.5219047033147043 1.0811275787025423 1.1933244164512122 -0.4396363623120386
3.0 T2DG0300191 0.0 0.6255387291142265 -0.09067017516923515 -1.7507096725533378 -0.6085069932123187
3.0 T2DG0300193 0.0 -1.6210711961898705 0.38611622158432585 0.8662199156890351 0.18619711611321096
3.0 T2DG0300194 0.0 0.6645881744813291 0.7780593922610669 1.4371184197256317 -1.830486580700952
3.0 T2DG0300195 1.0 1.551054899209944 2.20288606371573 0.47999521735211276 1.1722315827942458
3.0 T2DG0300196 0.0 -1.4143891584709811 -0.9711732648135304 0.9037725484117398 -0.7578296842790719
3.0 T2DG0300197 0.0 0.03152632939159962 1.0993802701675848 -1.6559188016968625 -0.20501075930671203
3.0 T2DG0300198 1.0 0.8525289085620759 -1.7014257506820045 -0.08802585319884915 0.7902493147070233
3.0 T2DG0300199 0.0 0.5884524732005968 -0.5439527567544324 1.7016266200232615 -0.6009756611106322
4.0 T2DG0400207 0.0 0.974852850954733 -1.6203711972374109 1.1892708691599472 1.6703192366960733
4.0 T2DG0400210 1.0 -0.2978608092161193 0.11647271641359806 -0.5832313382904276 -0.22680648962596886
4.0 T2DG0400219 0.0 0.8319207290902371 -0.18016626874502428 0.8599829681637087 -0.7143933972831845
4.0 T2DG0400234 1.0 0.31881365161239494 -0.3100355778315958 0.1406009778989997 -0.06952145814648787
4.0 T2DG0400235 0.0 -0.30169609609542003 -0.6388947346948716 1.4529424942366305 -0.8015764584062376
4.0 T2DG0400236 0.0 -1.335759557429124 0.45743170064213445 -1.1992538271674344 0.17560023275308195
4.0 T2DG0400237 1.0 0.0007051564144344443 -0.08642886295108151 -0.5508415202768958 1.6536237744070477
4.0 T2DG0400238 0.0 2.1461518595624973 1.2106862796985158 -0.5953814703570941 -0.3560950489794053
4.0 T2DG0400239 1.0 0.00843192674926973 0.2411335589905312 1.5945193618369438 -1.1242247519826287
4.0 T2DG0400240 1.0 2.266255832956846 -1.6429038637333102 0.1294580266186524 -1.7201362704265857
4.0 T2DG0400241 1.0 0.21971573922855278 -0.005223946529915548 0.09355827656363243 1.7859397302242805
4.0 T2DG0400243 1.0 0.4887328443100604 -1.2310153502973418 1.0208300626168254 -0.0017274578355472917
4.0 T2DG0400247 0.0 -1.193983773117089 -1.7679463006297367 0.611045849581372 -0.08385097023416116
4.0 T2DG0400248 1.0 -0.19783963306304916 0.31871722362810767 1.1236175148208944 -0.36439709295936734
4.0 T2DG0400250 0.0 1.9378852975011416 1.1411209250273606 0.8164487083286769 -0.4299977580844701
4.0 T2DG0400251 1.0 -0.04430393815796537 0.5971058925534196 0.6609899521815852 0.26968288536365215
4.0 T2DG0400252 1.0 -0.7780025330224185 -1.30404507994366 0.6615882473530601 -0.4335765758976554
4.0 T2DG0400253 1.0 0.09075429284193888 -1.256603662240667 -0.2542335662573884 -0.33157495834112816
4.0 T2DG0400254 1.0 0.7856359121856789 -0.7065176373316638 -1.0569868495039287 -1.7869177061825159
4.0 T2DG0400256 0.0 1.0014741111305963 1.3803616184252399 0.5604638320547535 0.892926759169193
4.0 T2DG0400257 0.0 -0.7223688978361522 -0.8266249397053056 0.053805562186542366 0.28912617654393263
4.0 T2DG0400258 1.0 -1.520953261638748 0.3719151519180644 1.375342899210951 0.5453616486516017
4.0 T2DG0400260 0.0 -1.5391016373104354 0.292571048319268 0.1320736854686256 0.6652328630521857
4.0 T2DG0400261 0.0 0.1609799699091261 -1.3996296291222416 -1.9288806144326083 -0.6383649560489929
4.0 T2DG0400262 0.0 -0.5580896494801976 1.3241517984170468 -1.1382589263535705 0.38581386387631106
4.0 T2DG0400263 1.0 -2.262378494384333 -0.5852321358342797 0.15164649733621213 0.4620332908584138
4.0 T2DG0400264 1.0 0.31647290242546416 0.3782929588648136 0.38085719132649554 -0.31658316514803597
4.0 T2DG0400267 1.0 -0.11720192998252382 2.8683356314881134 0.6813078460593762 -0.014019663324119138
4.0 T2DG0400268 0.0 0.10804533578186754 0.18189520763545836 0.7082324292337596 0.5667922832356692
4.0 T2DG0400269 0.0 2.0781080723954726 1.6337082855836156 0.7066534422591301 -0.5075766549094033
4.0 T2DG0400270 0.0 0.21788370863260595 -0.428014932983868 -1.4074572309384603 -1.2007520215163197
4.0 T2DG0400271 0.0 -0.5609860460846783 1.473473471741991 0.4681707769397413 0.480091997729061
4.0 T2DG0400272 1.0 -1.0493331325484936 0.14013935618159767 -1.4490306137507236 -0.9629885073264576
4.0 T2DG0400273 1.0 0.5083419056905554 0.605645104521905 -0.2796226915347053 -1.2682449223364742
4.0 T2DG0400275 1.0 -1.3410237674389156 1.8852331200218149 -1.9991259774581045 -0.08589019325238165
4.0 T2DG0400276 0.0 0.34495015102477056 -0.8316059640504662 -1.275886727367812 -0.6885467065770359
4.0 T2DG0400277 1.0 -1.0818161323384723 -0.04246056803678331 0.004221894052146058 -2.0237732596582227
4.0 T2DG0400278 0.0 0.23676064474743808 1.780837942982881 0.029421779971336725 -1.2586619811970463
4.0 T2DG0400279 1.0 0.5432582072199051 -0.5588127378978436 -0.23462427569065947 0.9274215342732021
4.0 T2DG0400280 1.0 -1.1138044521818526 0.41838385072299866 1.356707093794646 1.6250888608109852
4.0 T2DG0400281 1.0 -0.14014922668676377 -1.0334750670052997 -0.10183234310425904 2.1378881988512703
4.0 T2DG0400282 1.0 1.8247348392914096 -0.1885803420602686 -1.2647509847955642 -0.043219771448686814
4.0 T2DG0400284 1.0 0.4323052743118908 1.2372431106844024 0.6773430302665707 0.08302599839683159
4.0 T2DG0400285 1.0 -1.083150834830103 2.459876015168354 -0.08586846517045015 0.6697179727514231
4.0 T2DG0400286 1.0 1.3097267829248678 -0.529048842354148 -0.20959620217719915 -0.6913609767844978
4.0 T2DG0400287 0.0 -0.4626875416463504 -0.49114629198650656 1.4207785423742103 -1.282685083792354
4.0 T2DG0400288 0.0 -0.12795062500815998 0.21647419152147984 0.8337697258440123 -0.620684568795573
4.0 T2DG0400295 0.0 -0.6238670159248827 -0.4118262551271966 -0.09380863995367716 0.32776868888405575
5.0 T2DG0500309 0.0 0.7335782431805761 0.19613922902930797 -1.5454904388294122 0.6696106406638812
5.0 T2DG0500310 1.0 -0.47179832688670514 0.06200401530304432 -0.14877601561839562 -0.914222446266133
5.0 T2DG0500312 1.0 -1.0960812378074543 -0.7662754030055713 0.12421183274609209 -0.33764048819682746
5.0 T2DG0500313 1.0 0.9117467045158482 0.3215964406087512 -0.17995224078385338 -0.572665492583279
5.0 T2DG0500318 1.0 0.013878949961429552 0.25937752498941935 1.5177741899154331 -2.366720197252089
5.0 T2DG0500319 1.0 2.2959002737536816 1.252000151555916 1.4454789636889955 0.6391824007503363
5.0 T2DG0500320 1.0 0.9349818137328562 -0.5103857854937127 0.3952250540470781 0.12402403929685096
5.0 T2DG0500327 0.0 2.00605558298265 0.7953927043469244 -0.26003385313218635 0.7857686742687168
5.0 T2DG0500329 1.0 -0.37929094747065545 -0.17811975179734288 0.7808627648241269 -0.7683900029954813
5.0 T2DG0500331 0.0 0.20646021608420043 0.6611160495049807 -0.5454670216212517 1.1110466261322285
5.0 T2DG0500332 0.0 -0.27602770597594495 1.0150523338389572 -1.0433083781017214 -0.889159285043389
5.0 T2DG0500333 1.0 1.1958637835744343 0.552568865878989 -1.8609000987474575 0.17802401492569364
5.0 T2DG0500334 1.0 -1.2965048878229888 -0.32938851370614075 2.1632684918586995 -0.07356308138922767
5.0 T2DG0500335 0.0 0.5752786905523419 1.526436187389796 1.131619574964427 0.22486921382920486
5.0 T2DG0500336 1.0 -0.16600120902535137 -0.9468753721367571 0.26328341872112565 -0.34157366361663477
5.0 T2DG0500337 1.0 0.34658945360812454 0.5424865606780381 0.15216433426584156 0.7611227146319255
5.0 T2DG0500338 1.0 1.604313725337457 -2.529206339887264 0.4945797823773786 0.3226309472389309
5.0 T2DG0500339 1.0 -0.024658927313389128 0.03534491005012529 2.233652681144555 0.9007129302689847
5.0 T2DG0500340 0.0 -0.10603539943439125 -0.9460694073238117 1.29251529289391 0.4457248744280981
5.0 T2DG0500341 0.0 -1.2911792929004873 -0.7607769902670644 -0.8224819727915671 1.9002327281831686
5.0 T2DG0500342 1.0 -0.3379847738080195 -0.10357021324909006 0.01348960897029364 -0.5482278466716747
5.0 T2DG0500343 1.0 -0.17709246542065574 -0.18565344425831992 0.4668769615832563 -0.5325151268542476
5.0 T2DG0500345 0.0 0.5749895870501431 -1.310710558249782 1.321338604534663 1.000180484364912
5.0 T2DG0500346 0.0 -1.3783374401029458 0.5102734844071452 0.5815057104664987 1.2596870705392982
5.0 T2DG0500347 0.0 -0.8678691225561763 -1.6154929279006056 1.3591699397691537 1.8633048054813592
5.0 T2DG0500348 1.0 -0.4000757025504719 1.3205196086321085 1.2766798171425295 -0.9975914994104145
5.0 T2DG0500349 1.0 0.29508670487148514 -0.6825155407526352 1.5934908625454274 -0.9586642879442009
5.0 T2DG0500350 0.0 0.8176961423126682 0.25517399727983825 0.8068383181226888 1.1534354518134817
5.0 T2DG0500351 1.0 -0.5178283536877095 -1.1758212346893135 1.5524270538077891 1.3335320960083126
5.0 T2DG0500352 0.0 -0.481283731498721 -1.254114618832787 1.4917841006190893 -0.41361432926861286
5.0 T2DG0500353 1.0 -1.7752305315935801 0.39151133186100645 1.3665754959916137 -0.020266882012070865
5.0 T2DG0500354 0.0 0.08019658054175013 0.1571988835253835 1.1842672034819768 -0.16830407276739764
5.0 T2DG0500355 0.0 1.5938621185391089 0.164931292357352 -1.793576599787884 1.4256903949481634
5.0 T2DG0500356 0.0 1.1614567490555974 3.0543169528104697 0.7778974684510646 -0.5989743264372104
5.0 T2DG0500357 0.0 -0.8154467778404416 1.5708890347153375 -0.8139744188276676 -0.3486670250357534
5.0 T2DG0500358 1.0 0.5212051695434918 0.5159443851345844 0.04712923583044602 -1.0457237327975666
5.0 T2DG0500359 1.0 0.14341422789732114 0.45487313339667157 -0.2786305457634913 0.2727947547319568
5.0 T2DG0500360 0.0 1.0547570441854799 0.3580931362558904 1.3068933353611738 0.04524333500005525
5.0 T2DG0500361 0.0 1.0302517994558034 0.5093710364803211 0.6530081226925836 -0.6715861013388299
5.0 T2DG0500362 1.0 -0.2472246649408385 0.20510677053299387 -0.16184766381578758 -0.37855002200335075
5.0 T2DG0500363 0.0 0.8318432480920542 0.16322003042741284 0.9170766951747096 -0.014759801853714987
5.0 T2DG0500364 1.0 -0.22685227760301144 0.06477687608804325 0.4100128476832655 0.4071659019459638
5.0 T2DG0500365 1.0 1.6412238125119336 0.12873661752931997 1.2188260153390749 -0.4003315476571546
5.0 T2DG0500366 0.0 2.2449766729644143 0.241016894365147 -0.3668867549336191 0.2157612235853232
5.0 T2DG0500367 1.0 -0.8172370211894714 0.7034300927806882 -0.2762412304395913 -1.279076617195508
5.0 T2DG0500368 1.0 -0.20396025238330226 -1.761165540586718 -0.18847993478718553 -0.1016633110146649
5.0 T2DG0500369 0.0 0.39006416891952084 -0.9747789369250827 -1.1826055581132524 -0.00846925369064586
5.0 T2DG0500370 0.0 0.6042919934695284 0.46646866166469547 1.492518192339466 -0.1520896299053574
5.0 T2DG0500371 0.0 -0.19436216625746833 0.040345512476537344 0.9030501197518578 0.26380365578455034
5.0 T2DG0500373 1.0 1.0721368625131746 -0.16562918850877442 0.28802648535699443 0.22716218085851064
5.0 T2DG0500374 1.0 -0.48798319382082245 0.2589011799476493 -0.09996003677903033 1.0301608883510822
5.0 T2DG0500375 1.0 0.03280811724862138 1.843259793301731 -0.3264996699676108 1.426084761994184
5.0 T2DG0500376 0.0 -0.7000199898464708 -0.08285664404174911 0.4693076853683965 -0.5927935253853087
5.0 T2DG0500377 0.0 0.20889103806475368 -0.6564653468865975 1.0561142229974319 0.5538155537860566
5.0 T2DG0500379 0.0 -0.025494280605419885 0.4521921649637131 0.8144193402821555 0.4171380669097322
5.0 T2DG0500381 1.0 0.5355381747725992 1.1970482591085387 0.015433468926555192 0.13591304144724523
5.0 T2DG0500383 0.0 0.16339155904699074 -0.1621483552027864 0.5303571891220192 0.6477637621275865
5.0 T2DG0500385 0.0 -0.1696420104131435 0.04273163124429689 0.1831434861481298 0.23985012248876963
5.0 T2DG0500386 1.0 -0.966057646088673 -1.8895366209703186 -1.1848603821480221 -0.12440171725169455
5.0 T2DG0500388 1.0 1.070173164884718 -1.0035656853014225 -0.2574303214189148 -0.42847541090935376
5.0 T2DG0500389 0.0 1.3331266325844258 -1.2309687013063628 0.05297942507797848 -0.4871008011281954
6.0 T2DG0600393 0.0 -1.400016917222221 -0.09573621947390044 0.5119049047867118 0.4696914491322245
6.0 T2DG0600394 1.0 -0.3630853005619381 0.48717787134124185 0.2082363283580505 0.6621071703702667
6.0 T2DG0600395 1.0 0.3547017714736277 -0.5764517011703179 -0.031382428500154845 0.2692031656147208
6.0 T2DG0600396 1.0 -0.023110197326806498 0.715605148914823 0.7394161668804711 0.018417812481935386
6.0 T2DG0600397 1.0 -0.26962111452261506 1.272897262552795 -0.9408732636228074 1.0264241078804672
6.0 T2DG0600398 1.0 -2.7274677486373236 1.0050439082030542 -0.16768235262762565 0.36144068325329143
6.0 T2DG0600400 0.0 -0.7524521561696322 0.5052722397919316 0.7720767811211762 0.44066737905138414
6.0 T2DG0600414 1.0 -0.8285422072016945 1.9323840208088459 0.047676469458257785 -0.6500115167182974
6.0 T2DG0600421 1.0 -1.42584691327411 -0.023908577527196804 0.7820065165452552 -0.6099295262618216
6.0 T2DG0600425 0.0 -0.519654679190819 -0.2378917476513017 -1.08551498848865 0.5255285336463154
6.0 T2DG0600426 0.0 -1.2121048958574536 0.881018174007517 0.24250409559088001 -1.370353983209442
6.0 T2DG0600427 0.0 0.09467808314471718 1.169907300361931 0.13854160080723446 0.2965533053039019
6.0 T2DG0600428 0.0 -1.8774639908406427 -0.2752664771055003 -3.1996125117088026 1.7224509980403127
6.0 T2DG0600431 0.0 1.5015689390586453 0.061215088676866515 -1.6578548807540314 0.04322894620905302
6.0 T2DG0600432 1.0 0.5771005690964064 -0.692549379325345 1.294169430140553 -0.27438983164747144
6.0 T2DG0600433 1.0 -0.9142420066782524 -0.8089555549402019 0.017489898452455917 -0.7660190947314799
6.0 T2DG0600434 1.0 0.7685600712681497 -0.5201049576728307 -0.6107863939411529 -0.3873855497190927
6.0 T2DG0600437 1.0 -1.1842218680508767 0.20511620559559862 0.9594391278166714 -1.8825977524574817
6.0 T2DG0600439 1.0 -2.6706682865952818 -0.4569684211103794 -1.1631235903890371 -1.0544150491413724
6.0 T2DG0600440 1.0 -1.5039249871564468 1.4873576468772285 0.6711282112884516 -0.8669893103466039
6.0 T2DG0600441 0.0 -0.13094668666863077 -0.6315955514220754 -0.5838111710704579 0.5002612586237278
6.0 T2DG0600442 1.0 1.002763238348737 -1.661972684938431 -0.4542947496786872 0.027785178992262006
6.0 T2DG0600443 0.0 1.1564174897416526 -0.7821514648191781 2.3396203656224523 -0.3907663143506038
6.0 T2DG0600444 0.0 -0.6848709410730098 1.2351707384640491 -0.6175729562392942 1.5398075078156828
6.0 T2DG0600445 0.0 -2.6410810903131923 -0.31838830410064656 -0.19517073626062145 -0.3323112384406543
6.0 T2DG0600446 0.0 1.0980564295014674 1.4386833156786447 -1.4201294219882241 0.4406208195825094
6.0 T2DG0600447 1.0 0.9140599986861827 -0.7705859798321488 1.0819013213508029 -0.20892514037292909
6.0 T2DG0600448 1.0 2.691496633763001 0.5532094863789777 -0.11246531178314323 -0.5859244450605376
6.0 T2DG0600449 1.0 0.8880833919485472 0.04417046431662691 0.3640462556335023 1.145893569650544
6.0 T2DG0600450 1.0 -0.7947995759614143 0.6298410581688538 0.4102332891806963 0.23974411461007666
6.0 T2DG0600451 0.0 -1.6994333388326155 -0.38031425293256843 -0.044499118899808995 -1.9951198249849902
6.0 T2DG0600452 1.0 2.0680551601055 -0.05977184917119427 -0.3270050565146151 0.4006213399531809
6.0 T2DG0600453 0.0 -1.0699714946920091 -1.1931754392203289 1.3454493392228242 -1.8180905554206201
6.0 T2DG0600454 0.0 -0.11507134623100333 -0.07994274639800396 0.1377056308334119 -0.6168997586615429
6.0 T2DG0600455 0.0 0.538046873874649 1.1080418799540903 0.7883688330029746 -0.5219446315276738
6.0 T2DG0600456 0.0 0.3719678384674491 1.1042788469353626 0.5894732025600018 1.7272574187978849
6.0 T2DG0600457 1.0 0.4239307910169986 1.1086792354331672 1.6292498053702484 -1.332870547615671
6.0 T2DG0600458 0.0 0.3886324260300605 -0.17377812741508283 -0.061482043884165984 -0.947702591568632
6.0 T2DG0600459 1.0 0.8088377409206128 -0.6210153670611225 -0.3879818170312383 -0.07361840645206688
6.0 T2DG0600460 0.0 1.7858692113271037 0.5942839318070492 0.1409063792548484 -0.3175676584214029
6.0 T2DG0600464 1.0 1.0598173287816335 0.8789569854218519 0.07156509038160332 1.1179947553210932
6.0 T2DG0600465 1.0 -0.41907317983425074 0.3097936284756567 -0.9565857919173666 0.9340992665474024
6.0 T2DG0600466 0.0 -0.6180470025270958 -2.2630326703655745 0.9905905046879578 0.8512435643590253
6.0 T2DG0600467 0.0 -1.0852710235200715 0.933454280040664 0.6946832869346552 0.849652782694215
6.0 T2DG0600468 0.0 0.40239997984397796 1.3421931584772742 -1.1143981663523894 0.3785363703550472
6.0 T2DG0600469 0.0 0.4253720562560936 0.8947391230570102 0.8220613744191738 -1.6044600096438468
6.0 T2DG0600470 1.0 -1.189293071673869 -1.1696892812869355 -0.7468222209178147 -0.0027400721902820064
6.0 T2DG0600471 0.0 0.1163097575705212 -1.41777411365746 0.4396734281825252 0.589079951650855
6.0 T2DG0600473 0.0 -1.3449728687097366 0.3469577490656127 -0.40497009012585794 1.330533692046077
6.0 T2DG0600474 1.0 0.4263394397922771 1.1893877891972235 1.2432816636415287 -0.39888672915649187
6.0 T2DG0600475 1.0 -0.7836253818274667 -1.056593360702082 -0.3833375214522701 -0.6214622959351165
6.0 T2DG0600476 1.0 0.6484326986785897 1.1928935001891736 -1.025778627635123 -0.777756044755713
7.0 T2DG0701143 1.0 -0.17655459673142 0.08456944511189689 -1.3135827175622288 -1.6161069313999827
7.0 T2DG0701151 1.0 -1.2792370363858774 0.8950372038333217 0.0006366579185095661 -0.5772744267814897
7.0 T2DG0701156 0.0 0.45809880324835406 -2.0975132971298467 0.15590041538535096 -0.4190245485945351
7.0 T2DG0701163 1.0 0.13912437753868148 0.40798100054621417 -0.1717112627278866 0.16428220902747917
7.0 T2DG0701164 1.0 -0.2307450228368145 1.2401196507441619 0.3410161112743685 -1.2676075609414954
7.0 T2DG0701169 1.0 1.3519512876599222 0.8936647548781974 -0.461773976363277 0.9766647522755421
7.0 T2DG0701174 0.0 -0.10631563189748175 1.0211549145305359 -0.3841678154479235 0.13607245932436182
7.0 T2DG0701179 0.0 -0.20588258047347827 -0.407496107318468 0.8715466441039048 0.6002111924644499
7.0 T2DG0701181 1.0 -0.6120030621603532 -0.6129488489011652 2.361526226628607 -0.5995322785690776
7.0 T2DG0701183 1.0 -1.3939715938682191 -1.3784229172854057 0.7386605852144981 -0.476692696659784
7.0 T2DG0701184 0.0 1.7313472900321156 -0.6256859300364401 -0.4559053446571569 0.6585730828743952
7.0 T2DG0701186 0.0 2.615564358914155 0.09975403854869125 0.598649686731366 -0.31998932569534444
7.0 T2DG0701187 0.0 1.7690939536995856 -1.9709712207737662 -1.4308025353791975 0.9898543071153498
7.0 T2DG0701188 1.0 0.2403322440439555 -0.82280348597853 -0.09837380294319283 -0.8526541082873041
7.0 T2DG0701189 0.0 -1.423836246312014 0.6706799730120689 0.015717398943298398 -0.02635987138896587
7.0 T2DG0701191 0.0 0.650614092459314 0.8557375582162293 0.1723750314529811 -1.0530206846390848
7.0 T2DG0701192 0.0 2.689589862008403 -2.0154466900282957 0.9069598158963668 1.666446526958111
7.0 T2DG0701194 0.0 0.4883054864348747 -1.23911768911012 1.2719513144195214 0.04466046019362872
7.0 T2DG0701195 0.0 1.54224938765203 1.0576257141949403 -0.22966945982678874 -0.7067078743064089
7.0 T2DG0701196 0.0 -1.28661195106453 -0.2337883851560968 0.06101459035208181 -0.31604849390507345
7.0 T2DG0701198 0.0 -1.0976182580451175 0.11424210632785825 -0.761456107572077 -0.8991654720299747
7.0 T2DG0701199 1.0 0.532360815490622 0.5602648235711792 1.6211299410403373 0.6110166359709753
7.0 T2DG0701203 1.0 0.6332422994398428 0.042545586506390974 0.873362201656271 -0.7428555065380336
7.0 T2DG0701204 1.0 -1.6319330142522113 1.0002633892802462 0.5013802734529971 0.828955628419462
7.0 T2DG0701208 1.0 1.2663862220028572 -0.04946048397978897 0.5820628757524153 -0.2934665470834063
7.0 T2DG0701209 1.0 -0.49195902604156816 0.2897931288449677 2.063444398212838 -2.1869524464444723
7.0 T2DG0701211 0.0 -0.32290128555261977 0.2149841072463414 -0.42564426785123016 -0.03153101614052471
7.0 T2DG0701214 0.0 -0.20069455636044822 -1.5358618272753224 -1.0370783490464615 -1.4112908330954654
7.0 T2DG0701216 0.0 -2.100142175408284 2.253129208850409 0.2793981848473143 0.17396650509820458
7.0 T2DG0701217 0.0 -0.9483899057431546 -0.562505048911597 1.5470844751669184 0.5179600782620646
7.0 T2DG0701219 0.0 1.571166731265045 0.17468855449346402 0.1644622849807814 0.7567178503668862
7.0 T2DG0701220 0.0 -0.8539363727373427 -0.5336324016909546 0.7798187219489224 0.367937437265076
7.0 T2DG0701222 0.0 1.582117511109367 0.016403281342127 0.5956138427189297 1.6093743773013494
7.0 T2DG0701225 0.0 0.8766220689067517 -0.9106484032265524 0.24264190532132887 1.0143703898083323
7.0 T2DG0701227 0.0 0.10017891455630691 1.142448151405917 0.6130299706402534 -1.785853413993448
7.0 T2DG0701228 1.0 0.3623004938291155 2.2513673518309254 0.6911259067787642 -0.30872924209012276
8.0 T2DG0800485 1.0 -1.5118087428417977 0.12956584069796306 1.8769080727737197 0.2484628598095647
8.0 T2DG0800487 0.0 -0.21379045334920072 -1.3333464586957577 0.6370275634437824 0.010247424683672984
8.0 T2DG0800488 1.0 -0.7115240985354389 2.0252403805938086 -0.25554233838631146 -0.4542590045259705
8.0 T2DG0800490 1.0 0.13951867176371907 1.4026608684974977 0.1856164320563693 -2.332052092584885
8.0 T2DG0800492 0.0 -0.3030501743138296 -0.24838765932607818 0.15410679292464743 1.1560716537862168
8.0 T2DG0800496 1.0 -0.04865495231918264 0.492054558773855 0.17938551489433585 -0.14299992590121105
8.0 T2DG0800497 0.0 -0.7155679634799419 -1.1031634793211071 0.07382156779583998 0.12993803291185985
8.0 T2DG0800498 0.0 0.3890484438238102 0.03196570878989067 -0.1613084189218402 0.034765540079599734
8.0 T2DG0800502 0.0 -0.7200917885897745 2.254651238959301 -0.3966232636898634 -0.5048133473077318
8.0 T2DG0800503 1.0 -0.12423500182365163 -0.36045518148653266 -0.1234796707518107 0.15517082669741744
8.0 T2DG0800504 0.0 -0.4288397904578374 0.7663706871386916 0.7631638382256309 0.31670814482935933
8.0 T2DG0800505 0.0 -1.1915232833345504 0.20430301650512336 -0.7605765437157865 -1.2099638472714738
8.0 T2DG0800507 1.0 -1.4301397920815637 1.121588896516693 -0.47785965968962174 0.3462421173501828
8.0 T2DG0800509 1.0 0.18314578868758236 -0.5392262075270156 -0.2079478963944042 0.44000734410912273
8.0 T2DG0800510 1.0 -0.22034920555564785 -1.0818775213182414 -0.21216886308934715 -0.9110589073127825
8.0 T2DG0800511 1.0 -0.9226299775039142 -0.639595477455769 -0.553419960721723 -0.6395483654511275
8.0 T2DG0800512 0.0 -0.1018824567880952 1.9190282694080665 -1.6538387574031708 0.11029848055401884
8.0 T2DG0800514 1.0 0.5064163265813608 -1.2733178192099988 -0.2971326101833087 -0.13824846953478606
8.0 T2DG0800515 0.0 -0.027219044885483025 -0.009060639288299005 -0.8910576161020207 0.6874291379797002
8.0 T2DG0800516 0.0 0.43275022466139146 0.35859286230133963 -1.0540992352923868 0.1721588766264616
8.0 T2DG0800517 1.0 -0.1402635242648828 -0.8440098444927752 0.09077730034698206 -0.21617791690905003
8.0 T2DG0800518 1.0 0.7932788644128795 -1.2403384057475628 -0.12649117487487727 -0.7419345259480187
8.0 T2DG0800519 0.0 0.7505267162562552 -0.4661078095214746 -1.1830568468356997 -0.08941823128923834
8.0 T2DG0800520 0.0 1.0149643854186856 -0.4956153679446488 0.19755596376916926 -0.8568572142735282
8.0 T2DG0800521 1.0 -0.45546974763078146 -0.8519822878501316 -0.2032699504750646 -0.31737103726467547
8.0 T2DG0800522 1.0 0.06942297409095285 0.03837565591012465 -1.236807519418795 -0.6743776449071005
8.0 T2DG0800523 0.0 0.5018308747006297 -0.4615156098782254 -0.6478830954025449 -1.4909273593528978
8.0 T2DG0800524 0.0 0.9128417677260792 2.0179276857988153 0.4594130333014967 0.5431317503653038
8.0 T2DG0800525 1.0 -1.0761389623179014 -0.7507985458531882 1.4887146465377397 -0.4823173388644879
8.0 T2DG0800526 0.0 -1.127654317428432 -1.2243854090400783 0.3656214366780587 -0.4065389227178158
8.0 T2DG0800527 1.0 -1.0838724944755918 -1.0057958520775556 -0.12375233854689653 -2.5508515629968045
8.0 T2DG0800528 1.0 -0.8753163986617176 -0.2830143372499588 -1.2005994308888623 -0.19480095190595323
8.0 T2DG0800529 1.0 -0.47943881761909546 0.41160213091690545 -0.5098062752833111 -1.6616454673892487
8.0 T2DG0800530 1.0 -0.864676250834742 -0.20448291849140457 -0.7784885988483202 1.1116741460468862
8.0 T2DG0800531 0.0 -0.9369281261664401 0.13255743777804638 0.22186271511192385 0.7403181547042135
8.0 T2DG0800532 1.0 0.21055826883273557 -0.04404826243520886 -0.40337752852564396 -0.8106165456289941
8.0 T2DG0800533 1.0 -0.08982448193019481 0.7209356497302415 -0.6439184017822652 1.859030781234533
8.0 T2DG0800534 1.0 1.4221176021395165 1.091095476611462 -0.2639254211197297 -0.3652210902247225
8.0 T2DG0800535 1.0 0.2824376492374529 1.5451519374185814 -1.453666171845303 0.2715525158862659
8.0 T2DG0800536 1.0 0.7380662114194299 -0.8397728999059361 -0.651383615562908 0.496615389283136
8.0 T2DG0800537 1.0 -0.856568762211141 0.06360147895239021 -0.7881369969595382 0.5063115850156806
8.0 T2DG0800538 1.0 -0.41806788507900344 0.26761984753687956 1.706546222054277 -1.0916020329071168
8.0 T2DG0800539 0.0 0.7126269096081731 0.3146866441191974 -1.4896068398274105 -0.34797654196663974
8.0 T2DG0800540 0.0 -0.6651471185168875 -0.4262978326557837 0.09300459212850631 -0.6150132523604945
8.0 T2DG0800541 0.0 -0.20924813197817668 -0.819627926211386 -0.41561753143188807 2.0395562023593357
8.0 T2DG0800542 1.0 -0.3417262292375142 0.40182006825081285 1.7258758590589467 -0.48589966026487774
8.0 T2DG0800543 0.0 0.2636825736362374 -0.27899896280610237 0.7616214956657351 0.019732300422560668
8.0 T2DG0800544 1.0 -0.4567118640080761 0.13768089386151972 0.5906767776539382 -0.8380758583085094
8.0 T2DG0800545 0.0 -0.68633986785129 -0.7846220001541457 0.601729209260873 -0.4616934652924981
8.0 T2DG0800546 0.0 -0.04170527636148155 1.1709369257128968 0.8457870604315415 0.16038698943137128
8.0 T2DG0800547 1.0 0.3609091556243901 -0.20991988214691468 -0.6265123992962237 -0.2563060701895721
8.0 T2DG0800548 1.0 1.6490361654146592 0.0031030907229379935 0.6423844410359223 0.4451031263664701
8.0 T2DG0800549 1.0 0.6887197337266227 1.3595044876738605 0.41663895275144053 0.7230966422290418
8.0 T2DG0800550 0.0 -0.5975051144324297 0.30409716708662865 1.0172394929982207 0.6137079549433722
8.0 T2DG0800551 1.0 -0.31989093970693394 -1.580048640056772 1.229229040500002 1.1142867026850654
8.0 T2DG0800552 0.0 -0.5291978499963362 0.6175380099263851 0.9200097783124866 -1.7726225219585454
8.0 T2DG0800553 1.0 1.472407994944148 -0.014146984639023278 0.06475690843428307 1.67225727552745
8.0 T2DG0800554 1.0 1.174310453402106 -1.6227093763731233 1.254355537637275 -0.6192768785528929
8.0 T2DG0800555 1.0 1.3569227944106366 -0.5168034710556705 2.5381380942085046 0.8352473538914092
8.0 T2DG0800556 1.0 2.480891235495839 -0.8356308611584168 -0.20296337276807624 0.2859313927560807
8.0 T2DG0800557 0.0 -0.5843255694541937 -0.5971844604187051 0.1331774950697853 1.5491416604005592
8.0 T2DG0800558 1.0 0.3879196827056683 0.10101342447543998 0.22576826505158815 -0.4553178983836463
8.0 T2DG0800559 0.0 0.7186970540970764 -0.2593510519887329 0.8086601900259474 -0.42214628736774445
8.0 T2DG0800560 0.0 -0.2893358129739903 0.6998809705455971 0.009426212075003054 0.46226588240321687
8.0 T2DG0800561 1.0 -0.045725895200926625 1.756316661688218 -0.808232554598252 -0.2970572884793118
8.0 T2DG0800563 0.0 -1.3123821810547711 0.5904219870890762 0.9146496501661431 -1.6011855767646397
8.0 T2DG0800564 1.0 -0.926096589478437 0.26331062498751734 0.5291098922030654 2.0011178257853555
9.0 T2DG0901234 1.0 -0.26283546287145 0.29518277558342837 -0.4517814081554115 -0.4009811969832876
9.0 T2DG0901244 1.0 0.32854235876863247 -0.35739830848813425 -0.911152325532747 -1.2555591911683108
9.0 T2DG0901251 0.0 -1.1536929955659292 -0.5368137026101819 -0.3458671421983304 1.2071373078142191
9.0 T2DG0901260 1.0 0.2703536432006412 0.2970146400281076 -1.2476839878695407 -0.3594680073936681
9.0 T2DG0901263 0.0 -0.7495260385067039 0.05204514850209655 -0.9189895100753454 0.7732581022373468
9.0 T2DG0901266 1.0 0.8101034062217356 0.10151389570344098 -1.1605836390104922 0.6448244807413929
9.0 T2DG0901267 0.0 0.1532655456321965 1.1021112805950117 0.10709002781594766 -0.3910067072717981
9.0 T2DG0901269 1.0 -1.3238802217086585 1.5743437257731157 -0.7146034557084807 -0.038857582090316804
9.0 T2DG0901270 1.0 -1.3200572135015995 -0.6976834377248103 -0.24118862840992172 0.7937230876715946
9.0 T2DG0901271 1.0 -1.438410437108499 0.0013249702921613983 -1.4634873098776862 0.17681162642157933
9.0 T2DG0901272 1.0 -0.8462183844128301 1.022888848985092 -0.6522434734204992 0.06529416749711389
9.0 T2DG0901273 1.0 1.6400967968463014 -0.45800669026326857 0.6153437113336298 -0.16899371429548804
9.0 T2DG0901275 0.0 2.313037903759713 1.141218543681862 0.15445002388362788 -0.334864188124621
9.0 T2DG0901276 0.0 1.0229338897587354 -0.45727733371555807 -0.542997297823514 -0.2563934079925018
9.0 T2DG0901278 1.0 1.184601308344338 -1.9285840685654998 0.09209365232417478 1.8702511117843965
9.0 T2DG0901279 1.0 -0.5081570743132285 0.18189140714940172 -1.3388012596577354 1.784757040640448
9.0 T2DG0901280 0.0 0.9988185669631838 -0.7306010249489581 0.6893337172418993 -2.1987731881112578
9.0 T2DG0901284 0.0 -1.2780193948267797 0.9380442104809191 0.802660415731582 1.5958603046595683
9.0 T2DG0901285 1.0 0.4523010006993543 -0.3838865036760103 0.48724674335171464 0.3271761461572207
9.0 T2DG0901286 0.0 0.360297820965244 -0.18928663421123532 -0.6641552685179835 0.8498152758766134
9.0 T2DG0901287 1.0 0.11071994305186238 1.3171738673319708 0.5054265848195653 0.600207034464178
9.0 T2DG0901288 1.0 1.4622822439504273 0.10713502416714898 1.7332261434631302 0.7488635101234133
9.0 T2DG0901289 1.0 0.7337683520625925 0.9154097622545977 -1.9443184842258765 -0.28553594400735877
9.0 T2DG0901295 0.0 -1.218599311524957 0.17110307264263763 0.9787062233365122 0.7674134993164899
9.0 T2DG0901296 0.0 -1.1286404926997722 -1.533647992786686 0.30661444721877434 0.0067531457862419365
9.0 T2DG0901298 0.0 0.6279401797828484 0.7721535108602947 0.8247881035943713 -0.5879266537991529
9.0 T2DG0901299 0.0 -0.05361928822283379 -0.08675816085985003 0.2165962839209382 0.19530856553067033
9.0 T2DG0901300 1.0 1.6423354778918429 -0.9973341255849902 -0.04913628743524705 0.9806118972700377
9.0 T2DG0901303 0.0 2.148817176830664 -1.21637294396311 -0.872180205124299 0.8334951698201372
9.0 T2DG0901305 1.0 -0.8129550531946251 1.6615930417810207 1.2518089280719473 1.7444026377755293
9.0 T2DG0901306 0.0 1.539150712891108 -1.1688510126623206 0.40570417200602343 -0.9682702987642693
9.0 T2DG0901307 1.0 -0.5006531141862911 0.4635706419818083 0.4967212597175402 -0.918752337079164
9.0 T2DG0901308 0.0 1.0177881431131313 -1.007543940075374 0.6153056059291194 0.5197808437246692
10.0 T2DG1000565 1.0 -1.0139556932295823 -0.7573421034663431 0.2013150967119532 -0.7307754265623408
10.0 T2DG1000566 1.0 -0.39856570196643265 1.5515490751260825 -0.2061505281839798 -1.284360919329061
10.0 T2DG1000567 1.0 -2.5433965635851137 0.07587239355367671 0.4754086229963713 -1.089087214199503
10.0 T2DG1000568 1.0 -1.1564603578970436 -1.9187629129514423 -1.4420092112398195 -0.262656018492028
10.0 T2DG1000569 0.0 0.35197931343495636 -0.48275487999719635 -0.3575118036361255 -0.7612481939031412
10.0 T2DG1000570 1.0 0.9734870176233876 0.11710515985837917 1.104927637315741 0.10033050478219117
10.0 T2DG1000579 1.0 -0.5768784855138819 -1.2158204609021661 0.360942899769221 -0.1944261943620048
10.0 T2DG1000582 0.0 -0.7039414894221192 0.7563909276087835 1.0777886634856042 -0.0766714674305316
10.0 T2DG1000586 1.0 -0.3480608785551513 0.22010931613273987 0.21154835625738713 0.1245612683724292
10.0 T2DG1000591 0.0 -1.3169582766099732 -0.5217456927045832 -2.1254041282473017 -0.36528612144637407
10.0 T2DG1000592 0.0 -0.8295351217539777 2.1331158536852755 1.049418018974692 -0.5397360853059671
10.0 T2DG1000593 0.0 -0.6038439449823232 1.6880472880982533 -0.35444095969973083 -1.4648272173537873
10.0 T2DG1000594 0.0 -0.24293663771132007 -1.6118931651285329 -0.16040361635272735 0.23845054933793608
10.0 T2DG1000595 0.0 1.8094976399436877 -0.5410029925074498 -0.6060804500414539 0.9193924763407086
10.0 T2DG1000597 0.0 -0.5677588625587775 0.4816088392893842 0.4325498061891049 0.09475523080264031
10.0 T2DG1000598 1.0 0.6645800019787411 -0.7197808476667558 -1.240706948715784 1.4204596522844612
10.0 T2DG1000599 1.0 1.3847441102491695 0.39351035272126644 -0.5285421072790494 1.015698426049384
10.0 T2DG1000600 1.0 2.0520689685247766 1.6003262546600057 -0.8422386396319866 -0.36159083079423054
10.0 T2DG1000601 1.0 1.7444280382984112 -0.06364032612709089 -1.1515719835533476 -0.02220350253166002
10.0 T2DG1000602 0.0 0.2602400064738388 -0.3920619956964617 -0.08603949117714146 0.6213003529500681
10.0 T2DG1000603 0.0 1.269421611618507 0.6610287859423614 0.16887036471030661 1.683847361354574
10.0 T2DG1000604 0.0 -0.21513025378587936 -1.546315643050615 -1.088514045765652 1.1664799026815265
10.0 T2DG1000605 1.0 0.07022616040835049 -0.770667170999423 0.47305298570944443 -0.4749923703448396
10.0 T2DG1000606 0.0 0.8020315000827775 -0.5875740669720633 -1.1974157401132661 -0.09104178346730599
10.0 T2DG1000607 1.0 2.6235381826891806 -0.40839979007204497 -1.1299828176283673 1.141683442771079
10.0 T2DG1000608 1.0 -0.8997470679302652 -0.19177830676513577 -0.15283631820004678 -0.669722464777424
10.0 T2DG1000609 1.0 -0.22379289166329175 -0.7819283820838369 1.5255302251040834 -0.2187404434913111
10.0 T2DG1000610 0.0 -1.1451068851565966 0.7129593378081314 0.21368796925132974 -0.528027247135917
10.0 T2DG1000611 0.0 0.26275142606961416 -0.6738626638275959 -0.8398054081514315 0.9078884937638358
10.0 T2DG1000612 0.0 -1.5859008093151963 1.0367070769695428 0.4446332869100815 0.11820612407735999
10.0 T2DG1000613 1.0 -0.20500267389268476 1.1588186077232674 0.6205653397948369 1.2939706738487922
10.0 T2DG1000614 1.0 0.08202887909575986 -0.003766284298598522 1.0341032338166862 -0.2497751786175398
10.0 T2DG1000615 0.0 1.7314558839903036 -0.6112406971271468 0.3638289756982659 0.8598333435794185
10.0 T2DG1000616 1.0 1.570857738901738 1.005406334005348 2.299075733084351 0.7603930684709015
10.0 T2DG1000617 0.0 -0.42177045442468997 0.8481044526898435 -0.8683248102319895 -1.2278431457311918
10.0 T2DG1000618 1.0 -1.841442207193514 -0.07173445510323906 0.2111501847530129 0.1943172574778118
10.0 T2DG1000619 0.0 0.8494998322041031 -0.9115161206707336 -0.15860290677869118 -1.1791129164305876
10.0 T2DG1000620 1.0 -0.09269201993486544 1.3905608114516417 -1.2287166904621731 0.3208781401838202
10.0 T2DG1000621 0.0 -0.8305494421536298 -1.077990020773912 -1.1957694698888268 0.059772167666795835
10.0 T2DG1000623 1.0 0.9548022639265634 1.3208331211415096 0.5566775616089565 -2.0245252595039176
10.0 T2DG1000624 0.0 -0.8657785767310869 0.5189276742280268 2.3920998151741664 -0.8198629704761387
10.0 T2DG1000625 1.0 -0.7669853135264749 0.653480478904548 -0.46215888740975236 -0.36573295926424987
10.0 T2DG1000626 1.0 -0.9061648018264443 -0.2758130945394102 0.7029389593965144 -0.2977313748512566
10.0 T2DG1000627 1.0 -0.9933791433753532 0.4671872895081945 1.2345204381135158 -0.35667697989744973
10.0 T2DG1000629 0.0 -1.4892832788414274 0.6506588996560384 1.6561750208175756 0.16272882692231433
10.0 T2DG1000630 0.0 1.1274103304536482 -1.3477340671055626 -0.522836837632515 -0.8984252775297032
10.0 T2DG1000631 0.0 0.5931164392885108 -0.28444177294100237 -0.22865829951553562 1.5319144225519952
10.0 T2DG1000632 0.0 -0.26421687434413416 0.41163252488323054 -0.28031593966684687 -0.01199960736351167
10.0 T2DG1000633 0.0 2.4333003414097125 1.4246695685932254 -0.6612305332831923 0.807291910103044
10.0 T2DG1000635 1.0 1.2887993931751236 -0.8419158996341863 0.7625312966642327 -0.13978704328681382
10.0 T2DG1000636 0.0 -0.30603233243011646 -0.4860335096344479 -0.5445604430706195 -0.047273927051093095
10.0 T2DG1000637 0.0 2.2808518550448476 -0.9477318953753746 0.09980488165690816 -2.9401575142060175
10.0 T2DG1000638 1.0 -1.500752785698703 0.44990742809485784 -1.1509155597152811 -1.2543130232811095
10.0 T2DG1000639 0.0 -0.15907048136352478 -0.2987207958630844 1.2941713494220577 -1.238844140470981
10.0 T2DG1000640 1.0 0.6535872489117901 0.33847130495566524 0.1777611049124422 1.8999607654933999
10.0 T2DG1000641 0.0 0.39429000007102477 1.1477403190362108 2.200731564283867 -1.6694325839114215
10.0 T2DG1000642 1.0 -0.36510187261342353 0.39398367217196817 0.6110032726145201 0.5055844899910217
11.0 T2DG1101320 1.0 -0.27556719156354686 -0.875002401892716 1.5632513714047414 1.7504127044260716
11.0 T2DG1101324 1.0 -0.24152484086761947 0.47703130048903514 -1.0947938128033912 0.45758813255516956
11.0 T2DG1101329 0.0 -2.360590878521015 -0.2998992029465795 1.4193208917981768 0.9456593268844457
11.0 T2DG1101330 1.0 0.7324858791234666 2.8682144417583815 0.4693940177339913 0.9969373475739619
11.0 T2DG1101334 1.0 1.7636853977285007 0.05897465830735168 0.2770662385649631 -0.5576000487424231
11.0 T2DG1101335 0.0 -2.1885186232029885 -1.6754913084249106 -0.146219477758676 -0.18507429114090762
11.0 T2DG1101338 1.0 -0.06140861057578679 -1.404713495116569 -1.5081158538465207 -1.242657235090013
11.0 T2DG1101339 0.0 0.7020404028614473 0.7930323111274593 1.5935850899949922 1.1152609089696868
11.0 T2DG1101341 1.0 -0.5585005760451078 -1.1037176579705232 0.32888625282112316 -1.5263793159514103
11.0 T2DG1101342 1.0 -2.5639482082076785 2.02376268050116 -0.6248340017569033 -1.6058104224647074
11.0 T2DG1101343 1.0 0.7626190129582581 0.6103336010952166 -1.083307117266195 -0.05606104707271085
11.0 T2DG1101344 0.0 -0.7191139362892219 -0.06558430725022141 -2.810488119847078 -0.006991012224315102
11.0 T2DG1101348 1.0 0.7374901623872071 1.3199107148103322 -1.1299297774262818 -1.3389616005193536
11.0 T2DG1101352 0.0 -0.3213115694005081 1.4585949687586388 0.7015882842828232 -0.6080513909393248
11.0 T2DG1101354 0.0 0.7248220281508582 -0.09941737223236354 -1.1589375949726775 -1.4101956869473056
11.0 T2DG1101356 0.0 1.1793029036261171 1.5718147921735823 -1.4062592315698117 -0.9149275057844725
11.0 T2DG1101365 1.0 0.19303888888114815 0.6206455798436322 1.560138519818024 -1.9075187321543967
11.0 T2DG1101366 1.0 0.04199417071400053 0.35933326127106413 -1.9063816410420418 -0.6254514121356511
11.0 T2DG1101369 1.0 0.09812938697002556 -2.11891831430525 2.2442341507487944 0.7231201826743925
11.0 T2DG1101371 1.0 1.1505683938649893 -0.26670081301602716 0.026014620911801404 -0.20551067744968524
11.0 T2DG1101372 0.0 0.4995328225522473 -0.5039658504140649 -1.3645715884775127 1.783808638307024
11.0 T2DG1101374 0.0 -0.3451450098541965 -1.1012284923267643 -0.6576797158224506 -2.243120007731632
11.0 T2DG1101377 0.0 -0.6867503638462559 1.4986910513882483 1.4348841129702494 -0.1338899219622708
11.0 T2DG1101379 1.0 -0.319493695952312 1.3309399824048447 -1.4257422534044326 0.03799944941101436
11.0 T2DG1101381 1.0 -0.35827609422413276 -0.7909792913689083 -0.36174331166205465 -1.548954790494096
11.0 T2DG1101382 1.0 0.07413210547825035 -1.067326338717912 0.5491159428303799 -0.49212422883280366
11.0 T2DG1101383 0.0 -1.504010421971062 -1.6489305289776868 -0.7954010206309055 0.7479034130480173
11.0 T2DG1101384 1.0 0.46392372870661036 -1.3240610462959483 -0.37829768332046443 -0.6946982009171895
11.0 T2DG1101385 0.0 1.7808035318775006 0.8735335671988271 -0.1643512813451221 -1.2630145013551515
11.0 T2DG1101386 1.0 0.173994462238157 0.10678408117199144 -0.2171944745384624 -0.3447932288514604
11.0 T2DG1101387 0.0 -0.5291011134517698 -0.5533099355145644 0.32922285561918335 0.0044042931544366415
11.0 T2DG1101388 1.0 1.257127774802905 -2.0429079812813384 1.3538338124232325 -0.41148094577017147
11.0 T2DG1101389 0.0 -0.9877005671213491 0.6157750406671707 -0.5622369762411126 0.29218347950694495
11.0 T2DG1101390 0.0 -1.3358380940601455 -1.1249784252235016 0.6957851293358082 -1.1376361687133985
14.0 T2DG1400648 1.0 -0.07170354503621261 -0.23833905444853756 -2.3601937756175597 -0.8998410901105106
14.0 T2DG1400661 0.0 1.038399758511282 0.7924438632769635 0.1256596420615724 -2.4968659262466897
14.0 T2DG1400662 0.0 -1.214298846744268 0.37648806902113374 -1.136560149382559 -2.239870281207247
14.0 T2DG1400665 0.0 -1.1225475452108677 1.7860920261803654 -0.5265074199015795 0.3131770109467268
14.0 T2DG1400668 0.0 -0.03505466521558808 0.40422953785941934 -0.8515634522325845 0.9032671219430178
14.0 T2DG1400670 1.0 0.9360724400012279 0.30451635084463763 0.6537466220514677 0.08531272905380548
14.0 T2DG1400675 0.0 -1.2222275609233264 -0.973674049581764 -0.4109222215603915 -1.136470089135878
14.0 T2DG1400676 0.0 -0.07419995573147893 -0.8182450077332563 -1.2416195482600023 -1.1786816353417446
14.0 T2DG1400677 1.0 0.13248168057894552 0.683110683313209 -0.7317255676077646 -1.760271469438261
14.0 T2DG1400678 0.0 -0.4671088652437374 1.6693982490611534 -0.40894599009478083 0.5224240001188162
14.0 T2DG1400679 0.0 0.2465928283953652 0.6255073809696937 -0.8574211643340434 -0.31650137181144355
14.0 T2DG1400680 1.0 0.5953590897559888 -0.402977182503202 -1.5132822177653977 -1.060251933214436
14.0 T2DG1400681 1.0 -0.5844783113046683 1.1709828765088035 0.8161943552655223 -1.0248023572087717
14.0 T2DG1400682 1.0 -0.7430170679431864 -0.4862400951556713 -0.7082221984421179 0.561176326287192
14.0 T2DG1400683 1.0 0.040310922270536835 1.160913404752565 0.6310451592495064 1.0542938618969484
14.0 T2DG1400684 1.0 -0.6926130946431672 1.348768019398452 -2.509602253813036 -0.8810901191404432
14.0 T2DG1400685 1.0 1.0426644530515743 -2.057233456505502 -0.6388156479797206 0.4551819757582815
14.0 T2DG1400687 1.0 -1.5127573822746734 0.3859900781698695 1.1775773899456412 -0.6721594733832734
14.0 T2DG1400688 0.0 -0.6231656739418259 0.18624222801426094 -1.5199190441078196 1.2257443334256883
14.0 T2DG1400689 1.0 1.1626749941775467 -0.4258552512706237 -0.5398098432284613 1.0285158518807564
14.0 T2DG1400690 1.0 -1.441756633548042 -0.711094015932599 0.21730571035028712 -0.37515901513471134
14.0 T2DG1400691 0.0 -2.2167124962459326 -0.6530906353366231 -1.6490357543110323 0.3916864012088979
14.0 T2DG1400692 0.0 -0.9073184080680918 0.9187077748691014 -0.4808722135319346 1.6029935343487332
14.0 T2DG1400693 1.0 -0.3158970890268743 -1.2379134958832017 -1.6051488429325078 -0.935479216081199
14.0 T2DG1400694 1.0 1.6766318386166053 -1.0241740495340073 2.4471264193767657 -0.6461152594409306
14.0 T2DG1400695 0.0 -0.7332243864223382 -2.9533358294738035 -0.4643549415926882 0.3126598018154564
14.0 T2DG1400696 0.0 2.2810064076235737 -0.3564350783299067 -0.4794703103463326 0.42300063043866565
14.0 T2DG1400697 1.0 -0.5491676549478661 0.36637114079696476 -0.5218833879811594 0.4039021163774383
14.0 T2DG1400699 1.0 0.38514192108353973 -0.4963631940383781 2.4232862016878567 -2.0893150035678625
14.0 T2DG1400700 0.0 -0.4270257834073537 0.1518457833676462 0.831626479038078 1.5084301661660036
14.0 T2DG1400701 0.0 0.8060594154804032 0.8668830819291147 -1.2282795850394266 0.5546173302815661
14.0 T2DG1400702 0.0 -0.530944362055444 -0.9017719571267464 1.3096868182556933 -1.1388800599837654
14.0 T2DG1400703 0.0 -0.3448752904375035 0.4142805616991268 0.823084864273371 0.059700565566441884
14.0 T2DG1400704 0.0 -2.343236636177751 -0.1349922348305419 0.7613399326578063 -0.604842096113918
14.0 T2DG1400705 0.0 -1.603172685563464 1.8949336131768613 -0.6685409311673916 -1.054380965843197
14.0 T2DG1400706 1.0 1.7022092701438971 -0.5294643382000258 -1.9641473602178223 0.23671006881284043
14.0 T2DG1400707 0.0 0.35776257492059677 0.03951256872190899 0.5692491083549287 0.15359344428111124
15.0 T2DG1500710 1.0 1.3468787468978416 0.5261940408889477 1.5010402750062661 0.24503713729910506
15.0 T2DG1500711 0.0 0.31114260649701725 0.8937379195218258 -1.4188900147297017 -0.7404853392623015
15.0 T2DG1500712 1.0 1.8539851239907292 0.357030310602088 2.2361673210232693 -2.3514948723973577
15.0 T2DG1500713 1.0 0.2391307370598208 -0.4478791664316935 0.189236250705578 -0.22309182453285709
15.0 T2DG1500728 0.0 -1.1482674418945993 -0.7423223341327494 0.5246888469680157 -0.3629895795316225
15.0 T2DG1500729 1.0 0.09384753112777248 0.5415407271611145 0.2919391657674145 -0.6892117310987959
15.0 T2DG1500730 1.0 2.4266802811818264 0.5699734242909416 -1.2719031879705456 0.41103118577214226
15.0 T2DG1500731 0.0 -0.5472427736879725 -0.2789242750803083 -0.9220824553948955 -1.393511623616566
15.0 T2DG1500733 0.0 -0.028110305390931727 -1.7306641183253961 -1.5878606467971939 -0.713647483153949
15.0 T2DG1500734 0.0 -0.882862592053942 1.0958720127366195 0.9613686367756139 -1.2313951327093198
15.0 T2DG1500735 0.0 1.141527810727783 1.07319578574486 0.7703797980555833 0.6181957293896364
15.0 T2DG1500737 1.0 -0.6141757593038305 0.13605806462623996 -0.8861203476153747 -2.1474793631954356
15.0 T2DG1500738 1.0 -0.4429273342597212 -1.5827260673634307 0.3015985521308229 0.05536952670269963
15.0 T2DG1500739 1.0 0.7652800763690264 -0.12224069172319796 0.8800634143986872 -0.058675043811637205
15.0 T2DG1500740 1.0 0.4074276762560587 0.7098742051996173 0.6234479658624216 -0.10649528013455303
15.0 T2DG1500741 0.0 -1.4153226045120288 -1.1020587018622081 2.422857801285111 -0.47213565935305507
15.0 T2DG1500742 0.0 -0.12731697460508856 -2.1423040527808155 0.24871759488370976 1.0384913946692842
15.0 T2DG1500743 0.0 0.054520152696420174 0.44113956194853954 0.07293290702131153 0.4241513185710724
15.0 T2DG1500744 0.0 -0.03412734720656334 0.5814818441963038 0.9657833047898873 -0.5991622833003847
15.0 T2DG1500745 0.0 -0.051160998702032105 -0.284449688105316 0.6001938468320425 -0.10583664978910594
15.0 T2DG1500746 0.0 -0.172425721050446 -0.2742363861665615 -0.0003531791174584962 0.35365963048050103
15.0 T2DG1500747 1.0 1.7171981445005389 -1.478279840309739 1.3979321898024304 -0.884038933318032
15.0 T2DG1500748 1.0 -0.7623161970483309 1.7353675051738804 -2.1476747832910577 -1.0280020429457435
15.0 T2DG1500749 1.0 -0.8026068708111157 -0.6811851035513149 -0.08646571232216517 0.6441319871880525
15.0 T2DG1500750 0.0 0.3415245636112221 -1.487040961973348 -0.7991678988703382 -0.10266155428605112
15.0 T2DG1500751 0.0 0.6997453506734762 1.5052669292766878 -1.3993945482877748 0.650055703868428
15.0 T2DG1500752 1.0 0.6656505587793959 -0.2592828370066722 -0.18599550225584283 -0.6955699932713602
15.0 T2DG1500753 0.0 0.7721104948053371 0.5110510899623172 1.1853549961046768 0.45607084138674203
15.0 T2DG1500754 1.0 0.14783881252641076 -0.3395229010770602 -0.9397647760376838 1.7893941091226886
15.0 T2DG1500756 0.0 -1.2959242652693652 -0.007216503353944334 -0.18365414282270434 2.367245959299121
15.0 T2DG1500757 0.0 0.741645971719411 0.22076858494953974 1.215061149615558 -1.3010025493730963
15.0 T2DG1500762 0.0 0.09546579163579946 -0.7816884218225694 0.5773701002501562 2.2753055439123537
15.0 T2DG1500764 0.0 -1.1168014405765259 0.21486646164048248 -0.4808252456942897 -2.6158828955515543
16.0 T2DG1600767 0.0 -1.0254650343237304 1.7078123865643353 -0.6794683026613019 0.0358360758108251
16.0 T2DG1600768 0.0 -1.087535752743631 -0.15393712695057832 1.1731684637834252 -1.0273205826392326
16.0 T2DG1600771 0.0 0.030558483540014544 -1.5985501241927005 0.6589123622025971 -0.3043085923382707
16.0 T2DG1600772 1.0 0.45625398786458127 0.35990332604766767 1.3113822962837036 0.04831444851794938
16.0 T2DG1600773 0.0 -1.0248720893871 -0.4409727619650583 0.7991738980998291 -0.755504442213014
16.0 T2DG1600774 0.0 -1.9012230256476441 0.17515007365014468 0.3638412192782775 0.665363234487932
16.0 T2DG1600778 0.0 -1.7810037877962255 1.028721072827931 -0.5959642222358578 1.4300934131194902
16.0 T2DG1600784 1.0 -0.7034668891748834 -0.5751912941871358 1.2659105129718373 -0.5070212521052189
16.0 T2DG1600785 1.0 -0.8699809745549596 0.16848947617945667 0.2565879759258805 -0.1861394019603791
16.0 T2DG1600786 1.0 -0.9662166607264172 0.3525148898014529 -0.20950889657649324 0.11738979623533721
16.0 T2DG1600787 0.0 -1.0947882549199073 0.0025932546061800117 0.3598499453076037 -1.5929789691702827
16.0 T2DG1600788 0.0 0.7094562683644091 -1.040351996140586 1.281167857630749 -0.08366158931987823
16.0 T2DG1600789 1.0 -0.5983627257604593 -0.8213961564936018 -1.0670726330192681 1.2516963009611197
16.0 T2DG1600790 1.0 0.15594610034378095 1.0439781920628077 0.4990397009045715 0.8201714723169776
16.0 T2DG1600792 1.0 -0.11504592099967692 -0.768973260330415 1.628988730750992 -1.9139315929617804
16.0 T2DG1600793 1.0 -0.7484297496877796 -0.7936381328517293 0.47475338467084666 -2.257531085007646
16.0 T2DG1600794 1.0 -1.1061235952304473 -0.2701845832101685 -0.31037736022960966 -0.06340060873710339
16.0 T2DG1600795 1.0 0.07283364278989397 0.9224476670938949 0.05646648688501484 -0.7361908203434633
16.0 T2DG1600796 1.0 -0.8515867632541368 -0.9671486002345531 -0.245814768194016 1.120958439177194
16.0 T2DG1600797 0.0 -0.927455312826314 0.48741544128939845 0.23456091532559056 1.2210110365869624
16.0 T2DG1600798 0.0 0.38704040443599996 0.8043016569094648 1.471699691483942 -0.11685747112361713
16.0 T2DG1600799 1.0 0.304625662569845 -0.9302845345355524 2.0960195073680996 1.3583876634832313
16.0 T2DG1600800 0.0 0.6337421588966091 0.5273737409679184 -2.1848428878265174 -0.3557014524071489
16.0 T2DG1600801 0.0 -0.842928389728137 -1.2177371893003206 -0.9581347711911976 0.16349821103503612
16.0 T2DG1600802 1.0 1.0519517128500133 -0.17864540929268932 -0.11353083624414861 -0.6835354520405963
16.0 T2DG1600804 1.0 -0.01432855158788646 -0.7677732046324387 -1.6071661437310913 2.5884919545987835
16.0 T2DG1600805 1.0 1.5451199386743881 0.6900766836283417 -0.8778364176345389 -0.39259282744186524
16.0 T2DG1600806 0.0 1.4272332530246163 -1.8714732281644608 0.3645403452595612 -0.6521587303539115
16.0 T2DG1600807 0.0 1.5674361555349867 -0.7670556979081912 0.7584334632600832 0.4889049951352575
16.0 T2DG1600808 0.0 -1.5041859214014006 2.1714546009410194 0.5594303873571407 0.4597215166947218
16.0 T2DG1600810 0.0 0.5420242498952421 0.7341187645578292 0.009465346041064282 -0.538906286277026
16.0 T2DG1600811 0.0 0.9168373871730536 -1.3229964483351333 1.0353694973732455 0.32994599546671466
16.0 T2DG1600812 0.0 0.09792343704881047 -0.9001133765237322 0.0017679223267645942 -0.47849995733481454
16.0 T2DG1600813 0.0 -0.4674740093612742 2.1350318697332384 -0.08598558172630948 1.4205296992824965
16.0 T2DG1600814 1.0 0.5947773136093986 -0.10821168397035222 -0.12101936141347905 1.1684096945174582
16.0 T2DG1600815 1.0 -0.34115282882719156 -0.5258194842582219 -0.008436712498733309 -1.1912751198678702
16.0 T2DG1600816 0.0 1.1721660241757472 -0.20850858192626842 -1.4283556659428027 1.3378567353497572
16.0 T2DG1600817 0.0 0.5010911612334493 0.8346106048936316 0.38400656905266517 -0.01636483790946775
16.0 T2DG1600818 1.0 -0.33494486661312667 0.3111008553974997 -0.20149737952721672 -0.15639667153222808
16.0 T2DG1600819 1.0 1.7299037199749197 1.160839758753836 0.25920718768274087 0.4298813848631723
17.0 T2DG1700824 1.0 -0.39572199289183396 0.2875299322766491 -1.8339193753400622 0.05464858038778168
17.0 T2DG1700835 0.0 -0.7909010137824847 -2.454010905251448 0.7664900348894367 -0.8689389391170949
17.0 T2DG1700836 0.0 1.7877488936734722 -0.22636007619136234 -1.0018458487418678 -0.07352363436133386
17.0 T2DG1700841 1.0 1.0337434656307323 -0.10564620932931044 1.00475825899893 1.0572932131224104
17.0 T2DG1700842 1.0 -0.022360658927596 -0.7228236513722129 0.5836790474757008 -0.7887378266589679
17.0 T2DG1700844 1.0 1.1809833701221581 1.7438856768950244 0.704686195527546 -0.8060718786393778
17.0 T2DG1700845 0.0 -0.4057719620517991 0.6109616077784555 -1.9153404240994358 0.41304227075282796
17.0 T2DG1700846 1.0 0.8741463446627569 -0.7554008204790789 0.8525200621362523 -0.20072731580544179
17.0 T2DG1700847 1.0 -1.198216236075342 1.5599831942553666 -1.149706050540046 0.8345930879577222
17.0 T2DG1700848 1.0 -1.1195743510261436 0.48164529071543943 -0.47174485725984233 1.5681777119627225
17.0 T2DG1700849 1.0 -0.8799387192041668 -1.3634340700115988 -0.6585443928451894 -0.6972251039901232
17.0 T2DG1700850 1.0 -0.931330147729281 -0.4243696816646622 -1.9446192172148602 -0.4635714958139337
17.0 T2DG1700851 1.0 0.18161700730492336 -0.9777960604774802 -1.1529547078329978 -1.024892724144517
17.0 T2DG1700852 1.0 0.13058959095107475 2.0696200784489274 0.22326132690359743 1.0390689504989088
17.0 T2DG1700853 1.0 -1.4968554930688527 -0.8449643406227925 -0.8664133705077027 0.0830112229497835
17.0 T2DG1700854 0.0 -0.7447908732144313 0.6465089260926214 0.719033168513387 -0.6523587006638273
17.0 T2DG1700855 1.0 0.46695009575723484 -1.0618179045678386 -0.33681537568068143 -0.20483106491617992
17.0 T2DG1700856 0.0 0.9706513164218417 0.47300802556567695 -0.7894275447663488 -0.9848175601786872
17.0 T2DG1700857 0.0 0.10502561105718163 -0.731324081683338 0.015518611367003509 -0.24325690613934087
17.0 T2DG1700858 0.0 0.8795135680501043 -0.987021093101981 1.8299285741763986 -0.24249181272397247
17.0 T2DG1700860 0.0 -0.7702352462516978 -0.43914357941191473 -0.7654945727511376 -1.569834863078214
17.0 T2DG1700861 0.0 -1.0414569243696472 -0.04946176763679819 1.6539419960894266 0.15984267095963883
17.0 T2DG1700862 0.0 -0.8720693063607814 -0.42434176502800064 -0.2876392366277171 0.6088167019420861
17.0 T2DG1700863 0.0 -0.487618539130902 0.8730585802707449 -1.482887573135228 -0.30065152681326507
17.0 T2DG1700864 0.0 2.851594655805424 0.3397799025791129 0.1483476267873706 1.0251892028659844
17.0 T2DG1700865 0.0 -0.8226177880605631 -1.1267101092319802 -0.15452135086656443 1.3507200863943079
17.0 T2DG1700866 1.0 0.08046308718420084 -0.7833970419115214 -0.01799932401245038 -0.7071804248205845
17.0 T2DG1700867 1.0 0.14778461682669122 1.2510415740689433 -0.7560611400356081 -0.5889092453646505
17.0 T2DG1700868 0.0 0.2036147418468513 0.7483529839911003 0.24293569794814623 -1.6661502971447526
17.0 T2DG1700869 0.0 0.5814352600332079 -0.474496395010955 1.170278472820833 0.5424344200569899
17.0 T2DG1700870 0.0 0.23690006126714624 -3.098322704592054 -1.2247311924415465 -1.4409415409942632
17.0 T2DG1700871 0.0 1.0517765481303702 0.5947941923616958 0.3389204124515068 0.5065324401426906
17.0 T2DG1700872 1.0 0.9277859880627455 -1.2904824596778985 -1.4258311447530938 0.34412797263540784
17.0 T2DG1700873 0.0 0.42138534569486563 -0.605346992058675 1.8387004116260024 -1.1143830767625214
17.0 T2DG1700874 1.0 -0.3378362830000078 -0.11081203662997507 -0.2968091118669078 1.8424663617441144
17.0 T2DG1700875 1.0 0.09002288695164518 -0.3396209444611187 0.015532893332587176 -0.9401926060528256
17.0 T2DG1700876 0.0 0.30419384424838336 -1.7982053511619371 0.6122996267223128 -1.4081120601330792
17.0 T2DG1700877 1.0 0.2658766779970089 -0.6912043335275754 -0.7405538579329944 0.9554967271281393
20.0 T2DG2000882 0.0 0.36044065783286156 -0.5177679341271989 0.44181445719202816 1.0608436344956833
20.0 T2DG2000890 0.0 -0.15958906195788597 0.4828972148138145 1.0823149216437666 1.1638402546064641
20.0 T2DG2000892 0.0 0.7939530370153403 1.388177282312826 0.7148674255332871 -0.04976803822369675
20.0 T2DG2000896 0.0 -1.5553148836097446 -0.5792297455229053 0.06180011963555364 -0.3400871035152743
20.0 T2DG2000897 1.0 1.3237515644742337 0.8325989610038196 0.8449747290133369 1.2146072586343737
20.0 T2DG2000899 0.0 -0.13096694886409624 -0.054644174010997866 2.1253495492965557 0.2589834230569538
20.0 T2DG2000900 1.0 -0.0592122240353333 -1.203808033604839 0.4701497884702369 1.6329304348305007
20.0 T2DG2000901 0.0 -0.1618952560156157 1.2910242236526275 -0.6352277755222803 1.0273202512038588
20.0 T2DG2000903 1.0 -0.7014031549466466 0.3514558915556089 2.2989570851371286 1.3398885277059707
20.0 T2DG2000904 0.0 0.21191015071386685 0.8026433520090054 -1.8877945715254516 -0.7433599830531281
20.0 T2DG2000905 1.0 -0.5041205892613245 -0.6850450405659271 -1.6730040484013542 -0.3667964115188094
20.0 T2DG2000906 0.0 0.9595097700130013 0.0626890216710987 3.6196905635660626 -1.4720388946131755
20.0 T2DG2000907 1.0 1.7465845042532953 0.1306167783957021 0.05861794864437314 -0.07592936100305542
20.0 T2DG2000908 0.0 0.9089798696842943 0.3192863949129959 -1.0107785990341693 0.766826883380443
20.0 T2DG2000910 0.0 0.2761132133467458 -0.06564857574105042 0.6236258678272992 -1.379272368739805
20.0 T2DG2000911 1.0 -1.0829039657850361 -0.2906362947358813 -0.704709928810905 -0.7002777333612533
20.0 T2DG2000912 1.0 -0.5684500678143676 1.3978394166159671 -0.36578748121560967 0.9940572673490338
20.0 T2DG2000913 0.0 -0.9100228864439491 -0.4807370450158345 1.1936274238819806 -0.24940981231616308
20.0 T2DG2000914 0.0 -0.6784946045356515 0.2587646883124215 0.09335963870595432 -0.21759918604946243
20.0 T2DG2000915 0.0 0.9180041947585119 -1.654989254656921 0.6555696872578514 0.04398885325448832
20.0 T2DG2000916 0.0 -1.005465591311558 -0.4131642868276157 -0.2780224395462288 -0.21576307226300082
20.0 T2DG2000917 0.0 -0.35316340175494815 0.04183464732253317 0.1345022430959876 -0.07785480047610252
20.0 T2DG2000918 1.0 0.11304827159762426 -0.3601262799367312 1.100790388102012 -0.8604496166372074
20.0 T2DG2000919 1.0 1.2473144899950903 0.5284100085932528 -0.14349360242005355 -0.7987724614720443
20.0 T2DG2000920 1.0 0.08726090420884954 0.2598456888623031 -1.0129406286148521 -1.825816944025251
20.0 T2DG2000922 0.0 -0.685050729304295 -0.24704655748605378 0.9247683684393755 -0.4158211838757886
20.0 T2DG2000923 0.0 -1.3780360016727844 -0.3363981018103058 -1.2174890436046881 -0.6466845051341725
20.0 T2DG2000924 1.0 -1.9781221210802231 -0.11666501848563497 -0.05968395580130609 1.4208714316429145
20.0 T2DG2000925 1.0 -0.21631399131084808 1.295263147587587 0.17880012460455338 -0.09403416796202622
20.0 T2DG2000926 0.0 0.28454256447982346 0.2887695890261841 -0.16422260992968915 -1.0928558449727248
20.0 T2DG2000927 0.0 0.577731342053107 1.2056169390584377 -0.790161743850429 0.6028034539621925
20.0 T2DG2000928 1.0 -2.6962028391619937 -0.6424122430317055 0.4961730040363673 2.1403931344932885
20.0 T2DG2000929 1.0 -1.0087474109477315 -1.142435326354009 -1.0373543266882612 0.8423430834552689
21.0 T2DG2100937 0.0 1.5918810097805025 0.15574740495405257 -1.1011709618564476 -0.4288974857691057
21.0 T2DG2100938 1.0 -0.7372132739473509 -1.0286515436098638 1.1837224714714767 0.2170291266982836
21.0 T2DG2100939 0.0 0.28102295618486145 0.10235888488971936 -1.556599710178662 0.689821699239027
21.0 T2DG2100940 1.0 -1.0691134784502354 -0.6402885566083402 0.39309099411221393 0.16897820692071125
21.0 T2DG2100946 1.0 0.4955681542135687 0.5673336383229788 0.24956293512849725 0.7327507505852253
21.0 T2DG2100947 1.0 -0.05112814820324464 1.41659024284052 -0.9706087845089766 1.1981814282422207
21.0 T2DG2100948 0.0 0.3100419299916843 0.7442069952208606 -0.8592497801886718 1.98786455258417
21.0 T2DG2100950 1.0 1.0292924699517474 0.8322082294693443 -1.067374350784741 1.3027109268541066
21.0 T2DG2100951 1.0 0.2623319697382739 -0.28046696305467594 1.7217851207648198 0.5301587373751104
21.0 T2DG2100952 0.0 -0.14787850522517007 -0.2586279503579431 -0.05548575708511143 -0.022178208459017745
21.0 T2DG2100954 1.0 -0.10555469255161672 -0.9997004556187757 1.2050378802224018 -0.8111205798904593
21.0 T2DG2100955 0.0 0.9695870503029353 0.876011476819832 1.009628490065536 0.8952099545631008
21.0 T2DG2100956 0.0 -0.4938849277432304 -0.6419767861460778 0.0061417148187626214 -0.022282243898347074
21.0 T2DG2100958 1.0 -0.5616546056501103 -1.1139823559594098 -1.664267106441693 1.2302991096789566
21.0 T2DG2100959 0.0 0.5359125848198465 0.5107624201929746 0.20633500153759715 0.34925529967410684
21.0 T2DG2100960 0.0 1.4852242097426873 0.6335019612303924 -2.6593345498773635 -0.48834384955728977
21.0 T2DG2100961 0.0 0.5373860065726187 -0.225150238060049 0.7604270247700814 1.0917861865689429
21.0 T2DG2100962 0.0 2.0946824395389942 1.1946064744102112 -0.6556877663482704 1.4924063970968782
21.0 T2DG2100963 0.0 -1.1448910955590879 -2.4196728869069046 1.7345136290614607 -1.0481126796061813
21.0 T2DG2100964 1.0 -0.8685172963354819 -1.8209873751938914 0.47590919687353733 0.9697471222334828
21.0 T2DG2100965 1.0 -0.14096873866202625 1.8343943224612265 0.17658339538225026 -0.9558756875933342
21.0 T2DG2100966 1.0 -0.22873560179264607 -0.9832446879027161 0.524388221181635 -1.2646345763407638
21.0 T2DG2100967 1.0 0.30371242387729647 -1.205514049521476 -0.008656098312072893 0.12555510178690601
21.0 T2DG2100968 1.0 1.3963345523445154 -0.7948504472131995 0.14410008195265056 0.1581850069957226
21.0 T2DG2100969 1.0 0.5000873442621413 -0.5156924803056676 0.1107712543699779 -1.362353299466498
21.0 T2DG2100970 1.0 1.1276888701281982 -1.4913355432316866 -0.773135978258196 0.8401053483319687
21.0 T2DG2100971 1.0 -0.49235915159506904 -1.4773763779230904 -0.14851111273152 -0.6149748614790961
21.0 T2DG2100972 0.0 0.09940956126854944 -0.19886358600400525 1.4008072760688248 -1.069299942510595
21.0 T2DG2100973 0.0 0.4190635770182425 -0.1406689064795005 -0.6682876745041487 0.5375555722097128
21.0 T2DG2100974 1.0 0.8056998502747942 1.7961616476772924 0.24516781580900196 0.4890495489203674
21.0 T2DG2100975 1.0 -0.05605121406488049 -0.1440057894573693 -0.7125586788444812 -0.21510113382645918
23.0 T2DG2300980 1.0 0.002398149906470964 -0.29130953538597565 -0.7477781892136722 -1.1479487644585311
23.0 T2DG2300981 0.0 0.5042152498670973 -2.7476336405669075 0.21466649841319976 -0.4287408287860401
23.0 T2DG2300982 1.0 -0.5900215117264437 -1.798318851945281 1.7649671158102989 0.36729332052735303
23.0 T2DG2300983 1.0 0.9425207393725751 0.772142015621836 0.08193758490225155 1.1147737403668465
23.0 T2DG2300994 0.0 0.38960120042457214 -0.21477947991241303 -0.3303882551029537 -0.20728379682534592
23.0 T2DG2300995 0.0 -0.07451053182427303 0.4985424970245466 -0.22067531517603395 0.5193200449331976
23.0 T2DG2300997 1.0 1.0164546640229795 1.454467902841515 -1.7005179220558768 -0.6899295552083093
23.0 T2DG2300998 0.0 0.5821587541139502 -0.31955883262522766 -0.17412686441975148 1.5724485609153631
23.0 T2DG2301000 0.0 0.570378040061026 0.9033814830305292 0.2616691667152968 0.1896658252411354
23.0 T2DG2301001 1.0 -1.9275189047031345 -0.8059483878163997 1.3817862527420226 2.072535787148752
23.0 T2DG2301002 0.0 -0.6580101049467899 -0.8411330559898316 1.1648168273621637 -1.0608691575658078
23.0 T2DG2301003 0.0 -0.3268431970176432 0.4205857874943216 -0.6248145091739964 1.2377157207441072
23.0 T2DG2301004 0.0 -0.30814783236589743 0.5440588957721668 0.41790859006919645 -1.4043384051593972
23.0 T2DG2301005 0.0 -1.9380766056795826 0.7837957342736311 -1.2509859875720735 -0.17922402612648036
23.0 T2DG2301007 0.0 0.37886042033875766 -0.10046758980525909 -0.9393400789797566 -0.4722901370048507
23.0 T2DG2301009 1.0 2.2939861286485743 0.07320885281162556 0.5483190509715591 0.4798169170412723
23.0 T2DG2301010 0.0 -1.1005936731381474 0.16635885067677023 1.3801003174459276 -0.42745576378625
23.0 T2DG2301011 0.0 -1.173560292500577 0.7674477314598704 -0.29739758997795285 -0.19910626664420342
23.0 T2DG2301012 0.0 -0.6956134257631169 -0.3438634699585392 -2.1115984625910538 0.06988712322605568
23.0 T2DG2301013 1.0 0.374445880821225 0.1331716654104642 -1.3026052804406594 -1.3107354614506763
23.0 T2DG2301014 0.0 1.5402482498667842 0.5147938774492294 -0.04222968521908557 -0.9125884985174094
23.0 T2DG2301015 0.0 -0.911656332647039 -0.5662041719850038 -1.5097751784096365 -0.8346569677154445
23.0 T2DG2301016 1.0 -1.0688326280724647 -0.11750089653668486 0.1490778869001745 1.5366719089664707
23.0 T2DG2301017 1.0 0.020968954320680664 -0.6448864278307241 0.25980752306910226 0.32010482972078963
23.0 T2DG2301018 0.0 -1.1794036414448774 -0.48643050404201676 0.07711293219525367 1.4403126794993406
23.0 T2DG2301019 1.0 0.033373019539245694 -0.2722934949661467 -0.35418165345540753 -0.2910697151048094
23.0 T2DG2301020 0.0 -0.00808735906270371 0.14690465323097432 -1.1474899270811931 0.9789755452656969
23.0 T2DG2301021 1.0 0.2221462649579825 0.36930527415433206 0.43683110554111754 -0.11919862445407273
23.0 T2DG2301022 0.0 -0.7004826735757512 0.8487582335449436 1.915344091017611 0.9979492947033074
23.0 T2DG2301023 1.0 -1.082354186912766 -0.7310139789179034 0.616757202317374 0.7155678746393963
23.0 T2DG2301024 0.0 -0.305260896839199 1.1517258735689497 -1.90412161576262 -0.9840612079747512
25.0 T2DG2501026 0.0 0.27260174106434826 -0.2610924987496995 0.3180499905503862 -1.7028035396960204
25.0 T2DG2501033 0.0 -0.8672797671043351 1.3216710932278546 0.9303078832308445 -0.4183273502684072
25.0 T2DG2501035 1.0 0.5017147949970162 0.06731483417805427 2.1318773491376426 -1.1187399053199423
25.0 T2DG2501038 0.0 0.6728361834337854 -0.539717912410495 0.07168859149446469 0.25670480440830207
25.0 T2DG2501039 0.0 0.5660575430653789 0.792458386764585 -1.512003234675976 -0.4179586588895575
25.0 T2DG2501040 1.0 2.1349135050859793 0.19925897519488128 0.4016586010260168 1.2489002358809036
25.0 T2DG2501041 1.0 -1.1142160640227243 -0.5899938918587533 0.5931987421730347 0.9548522468878112
25.0 T2DG2501042 1.0 -0.2737462870379577 1.040860275177835 0.7176301876795841 0.7890944537794079
25.0 T2DG2501043 1.0 0.058964648088563366 1.3953970920516112 0.2477708481305164 -0.08079390699895804
25.0 T2DG2501044 1.0 -1.3882961445390036 1.6697977390892054 -0.1748225406043656 0.4786572440999664
25.0 T2DG2501045 1.0 1.40049554182241 -1.868160884862447 0.055398427352099974 -0.8703932396926666
25.0 T2DG2501047 1.0 -1.0247343230977335 -0.8943790996392075 0.41534488491609683 1.271143990381344
25.0 T2DG2501048 1.0 -0.49594624315164804 -1.8260667469337328 -0.7505681048526777 -1.4789179041083726
25.0 T2DG2501049 0.0 -1.5548624542156313 0.48514287671219847 -1.6392571292478249 -0.2815163413156424
25.0 T2DG2501051 1.0 0.005455829677163515 -0.9071736334489252 -0.11609789817619079 0.18202981633175677
25.0 T2DG2501052 1.0 0.6991538976332912 2.7010804973056355 -2.1793673584458415 0.4667305124102143
25.0 T2DG2501053 1.0 0.5306998404034483 0.4196070633238495 1.3636688874776746 0.7603584325169176
25.0 T2DG2501054 0.0 -0.2715405392229681 -2.256779433736328 -0.11328978993957288 -0.35023621458140886
25.0 T2DG2501055 0.0 0.4928312048089726 0.3855141288094634 0.07887146021458306 1.5462359401172838
25.0 T2DG2501056 0.0 -0.572516505670622 0.20891927603452604 -0.1913022825232144 1.406476518397437
25.0 T2DG2501057 1.0 0.3024382837662773 0.19637223381338753 -0.3075680577464647 -1.8760582084944877
25.0 T2DG2501058 1.0 -1.4238124555984444 -0.9649337095220446 0.005436213267781327 2.1588210029995216
25.0 T2DG2501059 0.0 -0.5517088040629217 0.1775100931733159 -0.5198172992350378 0.6238905433078324
25.0 T2DG2501060 1.0 0.04755673476936709 1.5915288462207013 0.763697560718378 0.7310626319507472
25.0 T2DG2501061 0.0 -0.19056193023301668 -0.1516717290861715 -0.6117162615985929 -0.21534533059308902
25.0 T2DG2501062 1.0 -0.9634390181325884 -2.636137876104928 0.39602542000142876 -0.8810085672468085
25.0 T2DG2501063 0.0 1.190206819598592 0.8220948693465358 -0.6175341845323186 -0.4588407199236559
25.0 T2DG2501064 1.0 0.12305998777572838 -1.3032475762147366 0.5147247166318015 0.26276015122296026
25.0 T2DG2501065 0.0 -1.1052858112634503 -1.1813990053025227 -1.0681359035634606 -0.6373277463248211
27.0 T2DG2701070 0.0 0.06203715974715336 2.23365606675641 -1.6328087197150023 -0.19006063670311144
27.0 T2DG2701072 0.0 0.4341019338053631 1.136660625207649 1.2592928069517078 -0.4607323589722516
27.0 T2DG2701073 0.0 0.6755907178290216 -1.0965682991704786 -2.437595427764799 0.48597535083160615
27.0 T2DG2701079 0.0 2.1588828150587185 -0.7971539500537281 0.5433617774109248 -0.7965550119101094
27.0 T2DG2701083 0.0 0.5667522555317046 0.5854283214270356 -0.10591263254334186 -1.0288585660614071
27.0 T2DG2701085 1.0 -0.2425088813843652 -1.5259323669297602 -1.5168167508186423 -0.02931629993645246
27.0 T2DG2701086 0.0 1.199773794709166 0.5178522924424825 0.16758058024756675 0.48431186579887486
27.0 T2DG2701087 0.0 0.10966361426007003 0.1821446703349174 -1.5594077074304686 -2.4283688568099655
27.0 T2DG2701088 1.0 0.8521534625430762 0.0102627451680305 -1.0185786052563301 2.901596908398643
27.0 T2DG2701089 0.0 0.5153682458490073 -1.5238638242016527 -0.7167038517754137 -0.1138058492651359
27.0 T2DG2701090 1.0 1.100679169130509 1.3551194561678745 -0.7427540670727028 -1.0412791464914868
27.0 T2DG2701091 0.0 0.7390609085441883 0.04224267761219022 0.04975632981163733 -0.2858394894856823
27.0 T2DG2701092 1.0 0.1992163310502877 -2.63846033182771 -0.08952068393275765 -0.6165536539881974
27.0 T2DG2701093 0.0 0.3603290536036146 -1.7199211212692613 -0.7744665766625457 -0.5963378675374069
27.0 T2DG2701094 1.0 0.15981172450952552 -0.6995693659234969 -0.21162901437958398 0.7972176427864639
27.0 T2DG2701095 0.0 -0.13211072601340576 0.3277470663419697 -0.991149613241065 1.2883424490537707
27.0 T2DG2701096 1.0 0.8852913989337238 0.6545950219488295 0.5566258017010248 -0.6511268638616189
27.0 T2DG2701097 0.0 1.0352482844506183 0.34548950482776203 -0.06932764553760903 -0.3852123833519684
27.0 T2DG2701098 1.0 0.3911554283586404 -0.0927215199447806 0.30709701977877313 0.522530192654439
27.0 T2DG2701099 0.0 0.37909134762886193 0.7091923869643758 1.2264360442836086 0.41985868505094887
27.0 T2DG2701100 1.0 -0.4724048562293603 -0.2190823032892289 0.38305678142651206 -0.3508156180762077
27.0 T2DG2701101 1.0 0.9349408674199914 0.2923571011892085 0.20719234527383093 0.47764166349009995
27.0 T2DG2701103 1.0 0.2208638826901537 0.5979151454563595 0.5803371849662297 -0.8239857724013656
27.0 T2DG2701104 0.0 0.30194255357780414 -0.3204886191440147 0.25403138542326703 0.16622684603826107
27.0 T2DG2701105 1.0 -0.9342424809551665 2.0442657208922115 -0.14716660327404038 -1.5114777871081837
27.0 T2DG2701106 0.0 -0.38680095819260685 1.4260162523806752 0.8351501844101 0.49736022767477645
27.0 T2DG2701107 0.0 0.5535035495521703 -0.5727978141881743 1.3931354214864193 0.24761518063431012
27.0 T2DG2701108 0.0 -0.7473884012186233 -2.4392093285335052 -0.7683983433199606 0.2593856661525413
27.0 T2DG2701109 1.0 -0.3421904697042693 1.9812428131310125 -0.35736453111837496 0.808813295469341
27.0 T2DG2701110 0.0 -0.4331259565992193 0.681968183819288 1.8570403456920268 0.9989104449842666
27.0 T2DG2701111 1.0 -0.8721791875090581 -2.2966581239140766 -1.0739085970078013 -1.4337439588807313
47.0 T2DG4701117 0.0 1.185669161927299 -0.8644703185413323 0.4496082002001986 1.2566131823345088
47.0 T2DG4701118 1.0 -1.1193092855198952 0.3172648014039489 0.9553067978646481 -0.14026974955529817
47.0 T2DG4701121 0.0 -1.5551627663011862 0.8788748997603698 -0.05337236006014099 -0.5567852272441215
47.0 T2DG4701122 0.0 1.004987467747519 -0.15144230479598328 -1.4511870680253653 0.7325021063215449
47.0 T2DG4701123 0.0 0.7720087938514734 -0.07267820547373559 -1.4576206295949357 -0.45631111770802435
47.0 T2DG4701124 0.0 0.10679419294337177 -1.6420293612366499 1.0751718129330625 -0.1913400544538279
47.0 T2DG4701125 1.0 -1.3969013919653983 -0.716017100236569 0.0041068723833049105 -1.9299777391657809
47.0 T2DG4701126 1.0 0.839469268097441 -0.9959600699966865 0.8041668728903925 0.6329538874665537
47.0 T2DG4701127 0.0 1.462456669108778 0.17657700573772664 1.1451618148476097 1.682608398812952
47.0 T2DG4701128 0.0 -0.5372575108934328 -0.7674503798380923 0.8641102401933802 0.9027520954493962
47.0 T2DG4701129 0.0 0.46672310132649153 -0.5584521315406958 -2.57544136743946 0.14593212721720095
47.0 T2DG4701130 1.0 1.4321973138140112 -0.45680198981293546 -0.4507448471446997 -0.1068961861233499
47.0 T2DG4701131 1.0 -1.3606245016345266 0.9811846557427875 -0.9674395517913691 -1.3823942012328347
47.0 T2DG4701132 0.0 1.8461015648091164 0.5315881405399395 -0.3387088389774097 1.1310379575916765
47.0 T2DG4701133 1.0 -1.5504349023308013 1.8436962364619236 -0.05110132089128036 0.47250097837751703
47.0 T2DG4701134 1.0 0.5825352848651949 1.4019583324704374 -1.3385030070403479 0.38521452294094505
47.0 T2DG4701135 0.0 -0.6071214104707991 -0.2489072892423184 -0.8118948199627706 0.427761627814473
47.0 T2DG4701136 0.0 0.6229162157327214 -0.5659220063735175 -1.1421279741123411 -0.6502873242877308
47.0 T2DG4701137 0.0 -1.4487045774714156 0.42800375801044027 0.3930575240284512 0.5811483789027763
47.0 T2DG4701138 0.0 -0.7477948774954977 1.834542582969087 -0.059974373313779944 -1.0881077869277054
47.0 T2DG4701139 0.0 -0.9000376460742036 -0.4038530835856755 0.47240842723750176 0.22821195993624652
